 0.00000000e+00  4.03993482e-08 
 1.00000000e-03  4.15349892e-08 
 2.00000000e-03  4.27184069e-08 
 3.00000000e-03  4.39350548e-08 
 4.00000000e-03  4.51858584e-08 
 5.00000000e-03  4.64717692e-08 
 6.00000000e-03  4.77937654e-08 
 7.00000000e-03  4.91528523e-08 
 8.00000000e-03  5.05500635e-08 
 9.00000000e-03  5.19864612e-08 
 1.00000000e-02  5.34631372e-08 
 1.10000000e-02  5.49812138e-08 
 1.20000000e-02  5.65418442e-08 
 1.30000000e-02  5.81462137e-08 
 1.40000000e-02  5.97955403e-08 
 1.50000000e-02  6.14910755e-08 
 1.60000000e-02  6.32341053e-08 
 1.70000000e-02  6.50259510e-08 
 1.80000000e-02  6.68679699e-08 
 1.90000000e-02  6.87615564e-08 
 2.00000000e-02  7.07081429e-08 
 2.10000000e-02  7.27092004e-08 
 2.20000000e-02  7.47662399e-08 
 2.30000000e-02  7.68808127e-08 
 2.40000000e-02  7.90545119e-08 
 2.50000000e-02  8.12889732e-08 
 2.60000000e-02  8.35858754e-08 
 2.70000000e-02  8.59469422e-08 
 2.80000000e-02  8.83739424e-08 
 2.90000000e-02  9.08686911e-08 
 3.00000000e-02  9.34330510e-08 
 3.10000000e-02  9.60689329e-08 
 3.20000000e-02  9.87782971e-08 
 3.30000000e-02  1.01563154e-07 
 3.40000000e-02  1.04425566e-07 
 3.50000000e-02  1.07367646e-07 
 3.60000000e-02  1.10391563e-07 
 3.70000000e-02  1.13499538e-07 
 3.80000000e-02  1.16693848e-07 
 3.90000000e-02  1.19976827e-07 
 4.00000000e-02  1.23350865e-07 
 4.10000000e-02  1.26818411e-07 
 4.20000000e-02  1.30381974e-07 
 4.30000000e-02  1.34044122e-07 
 4.40000000e-02  1.37807485e-07 
 4.50000000e-02  1.41674754e-07 
 4.60000000e-02  1.45648686e-07 
 4.70000000e-02  1.49732098e-07 
 4.80000000e-02  1.53927875e-07 
 4.90000000e-02  1.58238967e-07 
 5.00000000e-02  1.62668390e-07 
 5.10000000e-02  1.67219229e-07 
 5.20000000e-02  1.71894636e-07 
 5.30000000e-02  1.76697833e-07 
 5.40000000e-02  1.81632112e-07 
 5.50000000e-02  1.86700834e-07 
 5.60000000e-02  1.91907436e-07 
 5.70000000e-02  1.97255421e-07 
 5.80000000e-02  2.02748369e-07 
 5.90000000e-02  2.08389933e-07 
 6.00000000e-02  2.14183837e-07 
 6.10000000e-02  2.20133883e-07 
 6.20000000e-02  2.26243945e-07 
 6.30000000e-02  2.32517973e-07 
 6.40000000e-02  2.38959993e-07 
 6.50000000e-02  2.45574106e-07 
 6.60000000e-02  2.52364490e-07 
 6.70000000e-02  2.59335397e-07 
 6.80000000e-02  2.66491158e-07 
 6.90000000e-02  2.73836176e-07 
 7.00000000e-02  2.81374934e-07 
 7.10000000e-02  2.89111988e-07 
 7.20000000e-02  2.97051970e-07 
 7.30000000e-02  3.05199587e-07 
 7.40000000e-02  3.13559620e-07 
 7.50000000e-02  3.22136925e-07 
 7.60000000e-02  3.30936431e-07 
 7.70000000e-02  3.39963137e-07 
 7.80000000e-02  3.49222115e-07 
 7.90000000e-02  3.58718508e-07 
 8.00000000e-02  3.68457526e-07 
 8.10000000e-02  3.78444448e-07 
 8.20000000e-02  3.88684619e-07 
 8.30000000e-02  3.99183448e-07 
 8.40000000e-02  4.09946408e-07 
 8.50000000e-02  4.20979033e-07 
 8.60000000e-02  4.32286914e-07 
 8.70000000e-02  4.43875703e-07 
 8.80000000e-02  4.55751103e-07 
 8.90000000e-02  4.67918870e-07 
 9.00000000e-02  4.80384814e-07 
 9.10000000e-02  4.93154787e-07 
 9.20000000e-02  5.06234689e-07 
 9.30000000e-02  5.19630462e-07 
 9.40000000e-02  5.33348085e-07 
 9.50000000e-02  5.47393577e-07 
 9.60000000e-02  5.61772987e-07 
 9.70000000e-02  5.76492396e-07 
 9.80000000e-02  5.91557911e-07 
 9.90000000e-02  6.06975662e-07 
 1.00000000e-01  6.22751803e-07 
 1.01000000e-01  6.38892500e-07 
 1.02000000e-01  6.55403937e-07 
 1.03000000e-01  6.72292306e-07 
 1.04000000e-01  6.89563806e-07 
 1.05000000e-01  7.07224638e-07 
 1.06000000e-01  7.25281004e-07 
 1.07000000e-01  7.43739101e-07 
 1.08000000e-01  7.62605114e-07 
 1.09000000e-01  7.81885221e-07 
 1.10000000e-01  8.01585580e-07 
 1.11000000e-01  8.21712329e-07 
 1.12000000e-01  8.42271580e-07 
 1.13000000e-01  8.63269420e-07 
 1.14000000e-01  8.84711897e-07 
 1.15000000e-01  9.06605026e-07 
 1.16000000e-01  9.28954779e-07 
 1.17000000e-01  9.51767080e-07 
 1.18000000e-01  9.75047803e-07 
 1.19000000e-01  9.98802767e-07 
 1.20000000e-01  1.02303773e-06 
 1.21000000e-01  1.04775840e-06 
 1.22000000e-01  1.07297039e-06 
 1.23000000e-01  1.09867926e-06 
 1.24000000e-01  1.12489049e-06 
 1.25000000e-01  1.15160948e-06 
 1.26000000e-01  1.17884155e-06 
 1.27000000e-01  1.20659192e-06 
 1.28000000e-01  1.23486571e-06 
 1.29000000e-01  1.26366798e-06 
 1.30000000e-01  1.29300366e-06 
 1.31000000e-01  1.32287759e-06 
 1.32000000e-01  1.35329448e-06 
 1.33000000e-01  1.38425897e-06 
 1.34000000e-01  1.41577556e-06 
 1.35000000e-01  1.44784864e-06 
 1.36000000e-01  1.48048248e-06 
 1.37000000e-01  1.51368124e-06 
 1.38000000e-01  1.54744896e-06 
 1.39000000e-01  1.58178953e-06 
 1.40000000e-01  1.61670674e-06 
 1.41000000e-01  1.65220423e-06 
 1.42000000e-01  1.68828553e-06 
 1.43000000e-01  1.72495403e-06 
 1.44000000e-01  1.76221298e-06 
 1.45000000e-01  1.80006551e-06 
 1.46000000e-01  1.83851461e-06 
 1.47000000e-01  1.87756313e-06 
 1.48000000e-01  1.91721378e-06 
 1.49000000e-01  1.95746915e-06 
 1.50000000e-01  1.99833169e-06 
 1.51000000e-01  2.03980371e-06 
 1.52000000e-01  2.08188738e-06 
 1.53000000e-01  2.12458475e-06 
 1.54000000e-01  2.16789771e-06 
 1.55000000e-01  2.21182805e-06 
 1.56000000e-01  2.25637740e-06 
 1.57000000e-01  2.30154727e-06 
 1.58000000e-01  2.34733905e-06 
 1.59000000e-01  2.39375398e-06 
 1.60000000e-01  2.44079318e-06 
 1.61000000e-01  2.48845766e-06 
 1.62000000e-01  2.53674829e-06 
 1.63000000e-01  2.58566581e-06 
 1.64000000e-01  2.63521087e-06 
 1.65000000e-01  2.68538398e-06 
 1.66000000e-01  2.73618554e-06 
 1.67000000e-01  2.78761583e-06 
 1.68000000e-01  2.83967504e-06 
 1.69000000e-01  2.89236322e-06 
 1.70000000e-01  2.94568034e-06 
 1.71000000e-01  2.99962626e-06 
 1.72000000e-01  3.05420073e-06 
 1.73000000e-01  3.10940342e-06 
 1.74000000e-01  3.16523389e-06 
 1.75000000e-01  3.22169160e-06 
 1.76000000e-01  3.27877594e-06 
 1.77000000e-01  3.33648621e-06 
 1.78000000e-01  3.39482160e-06 
 1.79000000e-01  3.45378124e-06 
 1.80000000e-01  3.51336418e-06 
 1.81000000e-01  3.57356938e-06 
 1.82000000e-01  3.63439575e-06 
 1.83000000e-01  3.69584210e-06 
 1.84000000e-01  3.75790719e-06 
 1.85000000e-01  3.82058970e-06 
 1.86000000e-01  3.88388826e-06 
 1.87000000e-01  3.94780143e-06 
 1.88000000e-01  4.01232770e-06 
 1.89000000e-01  4.07746553e-06 
 1.90000000e-01  4.14321331e-06 
 1.91000000e-01  4.20956937e-06 
 1.92000000e-01  4.27653200e-06 
 1.93000000e-01  4.34409945e-06 
 1.94000000e-01  4.41226992e-06 
 1.95000000e-01  4.48104154e-06 
 1.96000000e-01  4.55041244e-06 
 1.97000000e-01  4.62038069e-06 
 1.98000000e-01  4.69094432e-06 
 1.99000000e-01  4.76210132e-06 
 2.00000000e-01  4.83384968e-06 
 2.01000000e-01  4.90618731e-06 
 2.02000000e-01  4.97911212e-06 
 2.03000000e-01  5.05262198e-06 
 2.04000000e-01  5.12671475e-06 
 2.05000000e-01  5.20138824e-06 
 2.06000000e-01  5.27664025e-06 
 2.07000000e-01  5.35246856e-06 
 2.08000000e-01  5.42887091e-06 
 2.09000000e-01  5.50584504e-06 
 2.10000000e-01  5.58338867e-06 
 2.11000000e-01  5.66149949e-06 
 2.12000000e-01  5.74017519e-06 
 2.13000000e-01  5.81941342e-06 
 2.14000000e-01  5.89921185e-06 
 2.15000000e-01  5.97956810e-06 
 2.16000000e-01  6.06047981e-06 
 2.17000000e-01  6.14194458e-06 
 2.18000000e-01  6.22396003e-06 
 2.19000000e-01  6.30652375e-06 
 2.20000000e-01  6.38963332e-06 
 2.21000000e-01  6.47328633e-06 
 2.22000000e-01  6.55748035e-06 
 2.23000000e-01  6.64221293e-06 
 2.24000000e-01  6.72748164e-06 
 2.25000000e-01  6.81328404e-06 
 2.26000000e-01  6.89961768e-06 
 2.27000000e-01  6.98648009e-06 
 2.28000000e-01  7.07386883e-06 
 2.29000000e-01  7.16178143e-06 
 2.30000000e-01  7.25021543e-06 
 2.31000000e-01  7.33916836e-06 
 2.32000000e-01  7.42863777e-06 
 2.33000000e-01  7.51862119e-06 
 2.34000000e-01  7.60911614e-06 
 2.35000000e-01  7.70012017e-06 
 2.36000000e-01  7.79163080e-06 
 2.37000000e-01  7.88364556e-06 
 2.38000000e-01  7.97616200e-06 
 2.39000000e-01  8.06917766e-06 
 2.40000000e-01  8.16269005e-06 
 2.41000000e-01  8.25669673e-06 
 2.42000000e-01  8.35119524e-06 
 2.43000000e-01  8.44618313e-06 
 2.44000000e-01  8.54165792e-06 
 2.45000000e-01  8.63761718e-06 
 2.46000000e-01  8.73405846e-06 
 2.47000000e-01  8.83097931e-06 
 2.48000000e-01  8.92837729e-06 
 2.49000000e-01  9.02624996e-06 
 2.50000000e-01  9.12459488e-06 
 2.51000000e-01  9.22340963e-06 
 2.52000000e-01  9.32269177e-06 
 2.53000000e-01  9.42243888e-06 
 2.54000000e-01  9.52264855e-06 
 2.55000000e-01  9.62331835e-06 
 2.56000000e-01  9.72444588e-06 
 2.57000000e-01  9.82602873e-06 
 2.58000000e-01  9.92806449e-06 
 2.59000000e-01  1.00305508e-05 
 2.60000000e-01  1.01334852e-05 
 2.61000000e-01  1.02368653e-05 
 2.62000000e-01  1.03406888e-05 
 2.63000000e-01  1.04449532e-05 
 2.64000000e-01  1.05496563e-05 
 2.65000000e-01  1.06547956e-05 
 2.66000000e-01  1.07603687e-05 
 2.67000000e-01  1.08663733e-05 
 2.68000000e-01  1.09728071e-05 
 2.69000000e-01  1.10796677e-05 
 2.70000000e-01  1.11869527e-05 
 2.71000000e-01  1.12946598e-05 
 2.72000000e-01  1.14027867e-05 
 2.73000000e-01  1.15113310e-05 
 2.74000000e-01  1.16202904e-05 
 2.75000000e-01  1.17296626e-05 
 2.76000000e-01  1.18394453e-05 
 2.77000000e-01  1.19496361e-05 
 2.78000000e-01  1.20602328e-05 
 2.79000000e-01  1.21712330e-05 
 2.80000000e-01  1.22826345e-05 
 2.81000000e-01  1.23944349e-05 
 2.82000000e-01  1.25066319e-05 
 2.83000000e-01  1.26192234e-05 
 2.84000000e-01  1.27322069e-05 
 2.85000000e-01  1.28455803e-05 
 2.86000000e-01  1.29593412e-05 
 2.87000000e-01  1.30734873e-05 
 2.88000000e-01  1.31880165e-05 
 2.89000000e-01  1.33029265e-05 
 2.90000000e-01  1.34182149e-05 
 2.91000000e-01  1.35338796e-05 
 2.92000000e-01  1.36499184e-05 
 2.93000000e-01  1.37663288e-05 
 2.94000000e-01  1.38831088e-05 
 2.95000000e-01  1.40002561e-05 
 2.96000000e-01  1.41177685e-05 
 2.97000000e-01  1.42356437e-05 
 2.98000000e-01  1.43538795e-05 
 2.99000000e-01  1.44724737e-05 
 3.00000000e-01  1.45914241e-05 
 3.01000000e-01  1.47107285e-05 
 3.02000000e-01  1.48303846e-05 
 3.03000000e-01  1.49503903e-05 
 3.04000000e-01  1.50707434e-05 
 3.05000000e-01  1.51914416e-05 
 3.06000000e-01  1.53124827e-05 
 3.07000000e-01  1.54338647e-05 
 3.08000000e-01  1.55555853e-05 
 3.09000000e-01  1.56776422e-05 
 3.10000000e-01  1.58000334e-05 
 3.11000000e-01  1.59227566e-05 
 3.12000000e-01  1.60458097e-05 
 3.13000000e-01  1.61691906e-05 
 3.14000000e-01  1.62928969e-05 
 3.15000000e-01  1.64169266e-05 
 3.16000000e-01  1.65412775e-05 
 3.17000000e-01  1.66659475e-05 
 3.18000000e-01  1.67909344e-05 
 3.19000000e-01  1.69162359e-05 
 3.20000000e-01  1.70418501e-05 
 3.21000000e-01  1.71677747e-05 
 3.22000000e-01  1.72940076e-05 
 3.23000000e-01  1.74205466e-05 
 3.24000000e-01  1.75473896e-05 
 3.25000000e-01  1.76745344e-05 
 3.26000000e-01  1.78019790e-05 
 3.27000000e-01  1.79297211e-05 
 3.28000000e-01  1.80577587e-05 
 3.29000000e-01  1.81860896e-05 
 3.30000000e-01  1.83147117e-05 
 3.31000000e-01  1.84436228e-05 
 3.32000000e-01  1.85728209e-05 
 3.33000000e-01  1.87023037e-05 
 3.34000000e-01  1.88320693e-05 
 3.35000000e-01  1.89621154e-05 
 3.36000000e-01  1.90924399e-05 
 3.37000000e-01  1.92230408e-05 
 3.38000000e-01  1.93539158e-05 
 3.39000000e-01  1.94850630e-05 
 3.40000000e-01  1.96164801e-05 
 3.41000000e-01  1.97481652e-05 
 3.42000000e-01  1.98801159e-05 
 3.43000000e-01  2.00123304e-05 
 3.44000000e-01  2.01448064e-05 
 3.45000000e-01  2.02775418e-05 
 3.46000000e-01  2.04105346e-05 
 3.47000000e-01  2.05437826e-05 
 3.48000000e-01  2.06772837e-05 
 3.49000000e-01  2.08110359e-05 
 3.50000000e-01  2.09450371e-05 
 3.51000000e-01  2.10792851e-05 
 3.52000000e-01  2.12137778e-05 
 3.53000000e-01  2.13485132e-05 
 3.54000000e-01  2.14834891e-05 
 3.55000000e-01  2.16187035e-05 
 3.56000000e-01  2.17541543e-05 
 3.57000000e-01  2.18898394e-05 
 3.58000000e-01  2.20257567e-05 
 3.59000000e-01  2.21619041e-05 
 3.60000000e-01  2.22982796e-05 
 3.61000000e-01  2.24348810e-05 
 3.62000000e-01  2.25717062e-05 
 3.63000000e-01  2.27087532e-05 
 3.64000000e-01  2.28460199e-05 
 3.65000000e-01  2.29835042e-05 
 3.66000000e-01  2.31212041e-05 
 3.67000000e-01  2.32591174e-05 
 3.68000000e-01  2.33972420e-05 
 3.69000000e-01  2.35355760e-05 
 3.70000000e-01  2.36741172e-05 
 3.71000000e-01  2.38128635e-05 
 3.72000000e-01  2.39518129e-05 
 3.73000000e-01  2.40909633e-05 
 3.74000000e-01  2.42303126e-05 
 3.75000000e-01  2.43698588e-05 
 3.76000000e-01  2.45095997e-05 
 3.77000000e-01  2.46495334e-05 
 3.78000000e-01  2.47896576e-05 
 3.79000000e-01  2.49299705e-05 
 3.80000000e-01  2.50704698e-05 
 3.81000000e-01  2.52111536e-05 
 3.82000000e-01  2.53520198e-05 
 3.83000000e-01  2.54930663e-05 
 3.84000000e-01  2.56342910e-05 
 3.85000000e-01  2.57756918e-05 
 3.86000000e-01  2.59172668e-05 
 3.87000000e-01  2.60590139e-05 
 3.88000000e-01  2.62009309e-05 
 3.89000000e-01  2.63430159e-05 
 3.90000000e-01  2.64852668e-05 
 3.91000000e-01  2.66276814e-05 
 3.92000000e-01  2.67702579e-05 
 3.93000000e-01  2.69129940e-05 
 3.94000000e-01  2.70558878e-05 
 3.95000000e-01  2.71989372e-05 
 3.96000000e-01  2.73421401e-05 
 3.97000000e-01  2.74854945e-05 
 3.98000000e-01  2.76289984e-05 
 3.99000000e-01  2.77726497e-05 
 4.00000000e-01  2.79164463e-05 
 4.01000000e-01  2.80603862e-05 
 4.02000000e-01  2.82044673e-05 
 4.03000000e-01  2.83486877e-05 
 4.04000000e-01  2.84930452e-05 
 4.05000000e-01  2.86375378e-05 
 4.06000000e-01  2.87821636e-05 
 4.07000000e-01  2.89269203e-05 
 4.08000000e-01  2.90718060e-05 
 4.09000000e-01  2.92168187e-05 
 4.10000000e-01  2.93619564e-05 
 4.11000000e-01  2.95072169e-05 
 4.12000000e-01  2.96525982e-05 
 4.13000000e-01  2.97980984e-05 
 4.14000000e-01  2.99437153e-05 
 4.15000000e-01  3.00894470e-05 
 4.16000000e-01  3.02352914e-05 
 4.17000000e-01  3.03812465e-05 
 4.18000000e-01  3.05273103e-05 
 4.19000000e-01  3.06734807e-05 
 4.20000000e-01  3.08197557e-05 
 4.21000000e-01  3.09661334e-05 
 4.22000000e-01  3.11126116e-05 
 4.23000000e-01  3.12591883e-05 
 4.24000000e-01  3.14058616e-05 
 4.25000000e-01  3.15526294e-05 
 4.26000000e-01  3.16994897e-05 
 4.27000000e-01  3.18464405e-05 
 4.28000000e-01  3.19934798e-05 
 4.29000000e-01  3.21406055e-05 
 4.30000000e-01  3.22878157e-05 
 4.31000000e-01  3.24351084e-05 
 4.32000000e-01  3.25824815e-05 
 4.33000000e-01  3.27299330e-05 
 4.34000000e-01  3.28774610e-05 
 4.35000000e-01  3.30250634e-05 
 4.36000000e-01  3.31727382e-05 
 4.37000000e-01  3.33204835e-05 
 4.38000000e-01  3.34682973e-05 
 4.39000000e-01  3.36161775e-05 
 4.40000000e-01  3.37641221e-05 
 4.41000000e-01  3.39121293e-05 
 4.42000000e-01  3.40601969e-05 
 4.43000000e-01  3.42083230e-05 
 4.44000000e-01  3.43565057e-05 
 4.45000000e-01  3.45047429e-05 
 4.46000000e-01  3.46530326e-05 
 4.47000000e-01  3.48013730e-05 
 4.48000000e-01  3.49497619e-05 
 4.49000000e-01  3.50981975e-05 
 4.50000000e-01  3.52466777e-05 
 4.51000000e-01  3.53952007e-05 
 4.52000000e-01  3.55437643e-05 
 4.53000000e-01  3.56923668e-05 
 4.54000000e-01  3.58410060e-05 
 4.55000000e-01  3.59896801e-05 
 4.56000000e-01  3.61383871e-05 
 4.57000000e-01  3.62871250e-05 
 4.58000000e-01  3.64358919e-05 
 4.59000000e-01  3.65846858e-05 
 4.60000000e-01  3.67335048e-05 
 4.61000000e-01  3.68823469e-05 
 4.62000000e-01  3.70312103e-05 
 4.63000000e-01  3.71800929e-05 
 4.64000000e-01  3.73289928e-05 
 4.65000000e-01  3.74779081e-05 
 4.66000000e-01  3.76268369e-05 
 4.67000000e-01  3.77757772e-05 
 4.68000000e-01  3.79247271e-05 
 4.69000000e-01  3.80736846e-05 
 4.70000000e-01  3.82226480e-05 
 4.71000000e-01  3.83716151e-05 
 4.72000000e-01  3.85205842e-05 
 4.73000000e-01  3.86695532e-05 
 4.74000000e-01  3.88185204e-05 
 4.75000000e-01  3.89674838e-05 
 4.76000000e-01  3.91164414e-05 
 4.77000000e-01  3.92653915e-05 
 4.78000000e-01  3.94143320e-05 
 4.79000000e-01  3.95632611e-05 
 4.80000000e-01  3.97121769e-05 
 4.81000000e-01  3.98610775e-05 
 4.82000000e-01  4.00099611e-05 
 4.83000000e-01  4.01588256e-05 
 4.84000000e-01  4.03076694e-05 
 4.85000000e-01  4.04564904e-05 
 4.86000000e-01  4.06052869e-05 
 4.87000000e-01  4.07540568e-05 
 4.88000000e-01  4.09027985e-05 
 4.89000000e-01  4.10515100e-05 
 4.90000000e-01  4.12001894e-05 
 4.91000000e-01  4.13488349e-05 
 4.92000000e-01  4.14974447e-05 
 4.93000000e-01  4.16460169e-05 
 4.94000000e-01  4.17945496e-05 
 4.95000000e-01  4.19430410e-05 
 4.96000000e-01  4.20914893e-05 
 4.97000000e-01  4.22398926e-05 
 4.98000000e-01  4.23882491e-05 
 4.99000000e-01  4.25365569e-05 
 5.00000000e-01  4.26848143e-05 
 5.01000000e-01  4.28330195e-05 
 5.02000000e-01  4.29811705e-05 
 5.03000000e-01  4.31292657e-05 
 5.04000000e-01  4.32773031e-05 
 5.05000000e-01  4.34252810e-05 
 5.06000000e-01  4.35731975e-05 
 5.07000000e-01  4.37210510e-05 
 5.08000000e-01  4.38688395e-05 
 5.09000000e-01  4.40165613e-05 
 5.10000000e-01  4.41642146e-05 
 5.11000000e-01  4.43117976e-05 
 5.12000000e-01  4.44593086e-05 
 5.13000000e-01  4.46067457e-05 
 5.14000000e-01  4.47541073e-05 
 5.15000000e-01  4.49013914e-05 
 5.16000000e-01  4.50485965e-05 
 5.17000000e-01  4.51957206e-05 
 5.18000000e-01  4.53427621e-05 
 5.19000000e-01  4.54897192e-05 
 5.20000000e-01  4.56365901e-05 
 5.21000000e-01  4.57833732e-05 
 5.22000000e-01  4.59300667e-05 
 5.23000000e-01  4.60766688e-05 
 5.24000000e-01  4.62231778e-05 
 5.25000000e-01  4.63695920e-05 
 5.26000000e-01  4.65159097e-05 
 5.27000000e-01  4.66621292e-05 
 5.28000000e-01  4.68082487e-05 
 5.29000000e-01  4.69542666e-05 
 5.30000000e-01  4.71001811e-05 
 5.31000000e-01  4.72459906e-05 
 5.32000000e-01  4.73916933e-05 
 5.33000000e-01  4.75372876e-05 
 5.34000000e-01  4.76827717e-05 
 5.35000000e-01  4.78281441e-05 
 5.36000000e-01  4.79734031e-05 
 5.37000000e-01  4.81185468e-05 
 5.38000000e-01  4.82635738e-05 
 5.39000000e-01  4.84084824e-05 
 5.40000000e-01  4.85532708e-05 
 5.41000000e-01  4.86979375e-05 
 5.42000000e-01  4.88424807e-05 
 5.43000000e-01  4.89868990e-05 
 5.44000000e-01  4.91311905e-05 
 5.45000000e-01  4.92753538e-05 
 5.46000000e-01  4.94193871e-05 
 5.47000000e-01  4.95632889e-05 
 5.48000000e-01  4.97070575e-05 
 5.49000000e-01  4.98506913e-05 
 5.50000000e-01  4.99941888e-05 
 5.51000000e-01  5.01375483e-05 
 5.52000000e-01  5.02807682e-05 
 5.53000000e-01  5.04238470e-05 
 5.54000000e-01  5.05667831e-05 
 5.55000000e-01  5.07095748e-05 
 5.56000000e-01  5.08522207e-05 
 5.57000000e-01  5.09947191e-05 
 5.58000000e-01  5.11370685e-05 
 5.59000000e-01  5.12792673e-05 
 5.60000000e-01  5.14213140e-05 
 5.61000000e-01  5.15632070e-05 
 5.62000000e-01  5.17049449e-05 
 5.63000000e-01  5.18465260e-05 
 5.64000000e-01  5.19879488e-05 
 5.65000000e-01  5.21292119e-05 
 5.66000000e-01  5.22703137e-05 
 5.67000000e-01  5.24112526e-05 
 5.68000000e-01  5.25520273e-05 
 5.69000000e-01  5.26926361e-05 
 5.70000000e-01  5.28330776e-05 
 5.71000000e-01  5.29733504e-05 
 5.72000000e-01  5.31134528e-05 
 5.73000000e-01  5.32533835e-05 
 5.74000000e-01  5.33931409e-05 
 5.75000000e-01  5.35327237e-05 
 5.76000000e-01  5.36721303e-05 
 5.77000000e-01  5.38113594e-05 
 5.78000000e-01  5.39504094e-05 
 5.79000000e-01  5.40892788e-05 
 5.80000000e-01  5.42279664e-05 
 5.81000000e-01  5.43664707e-05 
 5.82000000e-01  5.45047901e-05 
 5.83000000e-01  5.46429234e-05 
 5.84000000e-01  5.47808691e-05 
 5.85000000e-01  5.49186257e-05 
 5.86000000e-01  5.50561920e-05 
 5.87000000e-01  5.51935665e-05 
 5.88000000e-01  5.53307479e-05 
 5.89000000e-01  5.54677347e-05 
 5.90000000e-01  5.56045255e-05 
 5.91000000e-01  5.57411191e-05 
 5.92000000e-01  5.58775140e-05 
 5.93000000e-01  5.60137090e-05 
 5.94000000e-01  5.61497026e-05 
 5.95000000e-01  5.62854935e-05 
 5.96000000e-01  5.64210804e-05 
 5.97000000e-01  5.65564620e-05 
 5.98000000e-01  5.66916369e-05 
 5.99000000e-01  5.68266039e-05 
 6.00000000e-01  5.69613616e-05 
 6.01000000e-01  5.70959087e-05 
 6.02000000e-01  5.72302439e-05 
 6.03000000e-01  5.73643660e-05 
 6.04000000e-01  5.74982736e-05 
 6.05000000e-01  5.76319655e-05 
 6.06000000e-01  5.77654405e-05 
 6.07000000e-01  5.78986972e-05 
 6.08000000e-01  5.80317345e-05 
 6.09000000e-01  5.81645510e-05 
 6.10000000e-01  5.82971456e-05 
 6.11000000e-01  5.84295170e-05 
 6.12000000e-01  5.85616639e-05 
 6.13000000e-01  5.86935852e-05 
 6.14000000e-01  5.88252797e-05 
 6.15000000e-01  5.89567461e-05 
 6.16000000e-01  5.90879833e-05 
 6.17000000e-01  5.92189901e-05 
 6.18000000e-01  5.93497652e-05 
 6.19000000e-01  5.94803076e-05 
 6.20000000e-01  5.96106160e-05 
 6.21000000e-01  5.97406893e-05 
 6.22000000e-01  5.98705263e-05 
 6.23000000e-01  6.00001259e-05 
 6.24000000e-01  6.01294870e-05 
 6.25000000e-01  6.02586084e-05 
 6.26000000e-01  6.03874890e-05 
 6.27000000e-01  6.05161277e-05 
 6.28000000e-01  6.06445233e-05 
 6.29000000e-01  6.07726749e-05 
 6.30000000e-01  6.09005812e-05 
 6.31000000e-01  6.10282412e-05 
 6.32000000e-01  6.11556539e-05 
 6.33000000e-01  6.12828181e-05 
 6.34000000e-01  6.14097328e-05 
 6.35000000e-01  6.15363969e-05 
 6.36000000e-01  6.16628094e-05 
 6.37000000e-01  6.17889693e-05 
 6.38000000e-01  6.19148755e-05 
 6.39000000e-01  6.20405269e-05 
 6.40000000e-01  6.21659227e-05 
 6.41000000e-01  6.22910617e-05 
 6.42000000e-01  6.24159430e-05 
 6.43000000e-01  6.25405655e-05 
 6.44000000e-01  6.26649283e-05 
 6.45000000e-01  6.27890305e-05 
 6.46000000e-01  6.29128709e-05 
 6.47000000e-01  6.30364488e-05 
 6.48000000e-01  6.31597631e-05 
 6.49000000e-01  6.32828128e-05 
 6.50000000e-01  6.34055971e-05 
 6.51000000e-01  6.35281150e-05 
 6.52000000e-01  6.36503656e-05 
 6.53000000e-01  6.37723480e-05 
 6.54000000e-01  6.38940612e-05 
 6.55000000e-01  6.40155044e-05 
 6.56000000e-01  6.41366767e-05 
 6.57000000e-01  6.42575772e-05 
 6.58000000e-01  6.43782050e-05 
 6.59000000e-01  6.44985593e-05 
 6.60000000e-01  6.46186391e-05 
 6.61000000e-01  6.47384438e-05 
 6.62000000e-01  6.48579723e-05 
 6.63000000e-01  6.49772239e-05 
 6.64000000e-01  6.50961978e-05 
 6.65000000e-01  6.52148931e-05 
 6.66000000e-01  6.53333091e-05 
 6.67000000e-01  6.54514449e-05 
 6.68000000e-01  6.55692997e-05 
 6.69000000e-01  6.56868728e-05 
 6.70000000e-01  6.58041633e-05 
 6.71000000e-01  6.59211706e-05 
 6.72000000e-01  6.60378939e-05 
 6.73000000e-01  6.61543324e-05 
 6.74000000e-01  6.62704853e-05 
 6.75000000e-01  6.63863520e-05 
 6.76000000e-01  6.65019317e-05 
 6.77000000e-01  6.66172236e-05 
 6.78000000e-01  6.67322272e-05 
 6.79000000e-01  6.68469417e-05 
 6.80000000e-01  6.69613664e-05 
 6.81000000e-01  6.70755006e-05 
 6.82000000e-01  6.71893436e-05 
 6.83000000e-01  6.73028949e-05 
 6.84000000e-01  6.74161537e-05 
 6.85000000e-01  6.75291193e-05 
 6.86000000e-01  6.76417912e-05 
 6.87000000e-01  6.77541687e-05 
 6.88000000e-01  6.78662512e-05 
 6.89000000e-01  6.79780381e-05 
 6.90000000e-01  6.80895287e-05 
 6.91000000e-01  6.82007225e-05 
 6.92000000e-01  6.83116189e-05 
 6.93000000e-01  6.84222174e-05 
 6.94000000e-01  6.85325172e-05 
 6.95000000e-01  6.86425180e-05 
 6.96000000e-01  6.87522191e-05 
 6.97000000e-01  6.88616199e-05 
 6.98000000e-01  6.89707200e-05 
 6.99000000e-01  6.90795189e-05 
 7.00000000e-01  6.91880159e-05 
