 0.00000000e+00  6.99793292e-01  0.00000000e+00  0.00000000e+00 
 1.00000000e-03  6.99787653e-01  1.00000000e-03  1.00000000e-03 
 2.00000000e-03  6.99781783e-01  2.00000000e-03  2.00000000e-03 
 3.00000000e-03  6.99775752e-01  3.00000000e-03  3.00000000e-03 
 4.00000000e-03  6.99769557e-01  4.00000000e-03  4.00000000e-03 
 5.00000000e-03  6.99763193e-01  5.00000000e-03  5.00000000e-03 
 6.00000000e-03  6.99756655e-01  6.00000000e-03  6.00000000e-03 
 7.00000000e-03  6.99749938e-01  7.00000000e-03  7.00000000e-03 
 8.00000000e-03  6.99743038e-01  8.00000000e-03  8.00000000e-03 
 9.00000000e-03  6.99735949e-01  9.00000000e-03  9.00000000e-03 
 1.00000000e-02  6.99728667e-01  1.00000000e-02  1.00000000e-02 
 1.10000000e-02  6.99721185e-01  1.10000000e-02  1.10000000e-02 
 1.20000000e-02  6.99713498e-01  1.20000000e-02  1.20000000e-02 
 1.30000000e-02  6.99705602e-01  1.30000000e-02  1.30000000e-02 
 1.40000000e-02  6.99697489e-01  1.40000000e-02  1.40000000e-02 
 1.50000000e-02  6.99689154e-01  1.50000000e-02  1.50000000e-02 
 1.60000000e-02  6.99680590e-01  1.60000000e-02  1.60000000e-02 
 1.70000000e-02  6.99671793e-01  1.70000000e-02  1.70000000e-02 
 1.80000000e-02  6.99662754e-01  1.80000000e-02  1.80000000e-02 
 1.90000000e-02  6.99653467e-01  1.90000000e-02  1.90000000e-02 
 2.00000000e-02  6.99643926e-01  2.00000000e-02  2.00000000e-02 
 2.10000000e-02  6.99634124e-01  2.10000000e-02  2.10000000e-02 
 2.20000000e-02  6.99624052e-01  2.20000000e-02  2.20000000e-02 
 2.30000000e-02  6.99613705e-01  2.30000000e-02  2.30000000e-02 
 2.40000000e-02  6.99603074e-01  2.40000000e-02  2.40000000e-02 
 2.50000000e-02  6.99592150e-01  2.50000000e-02  2.50000000e-02 
 2.60000000e-02  6.99580928e-01  2.60000000e-02  2.60000000e-02 
 2.70000000e-02  6.99569397e-01  2.70000000e-02  2.70000000e-02 
 2.80000000e-02  6.99557550e-01  2.80000000e-02  2.80000000e-02 
 2.90000000e-02  6.99545377e-01  2.90000000e-02  2.90000000e-02 
 3.00000000e-02  6.99532871e-01  3.00000000e-02  3.00000000e-02 
 3.10000000e-02  6.99520021e-01  3.10000000e-02  3.10000000e-02 
 3.20000000e-02  6.99506818e-01  3.20000000e-02  3.20000000e-02 
 3.30000000e-02  6.99493253e-01  3.30000000e-02  3.30000000e-02 
 3.40000000e-02  6.99479315e-01  3.40000000e-02  3.40000000e-02 
 3.50000000e-02  6.99464995e-01  3.50000000e-02  3.50000000e-02 
 3.60000000e-02  6.99450281e-01  3.60000000e-02  3.60000000e-02 
 3.70000000e-02  6.99435164e-01  3.70000000e-02  3.70000000e-02 
 3.80000000e-02  6.99419631e-01  3.80000000e-02  3.80000000e-02 
 3.90000000e-02  6.99403673e-01  3.90000000e-02  3.90000000e-02 
 4.00000000e-02  6.99387276e-01  4.00000000e-02  4.00000000e-02 
 4.10000000e-02  6.99370430e-01  4.10000000e-02  4.10000000e-02 
 4.20000000e-02  6.99353122e-01  4.20000000e-02  4.20000000e-02 
 4.30000000e-02  6.99335339e-01  4.30000000e-02  4.30000000e-02 
 4.40000000e-02  6.99317069e-01  4.40000000e-02  4.40000000e-02 
 4.50000000e-02  6.99298298e-01  4.50000000e-02  4.50000000e-02 
 4.60000000e-02  6.99279013e-01  4.60000000e-02  4.60000000e-02 
 4.70000000e-02  6.99259200e-01  4.70000000e-02  4.70000000e-02 
 4.80000000e-02  6.99238845e-01  4.80000000e-02  4.80000000e-02 
 4.90000000e-02  6.99217933e-01  4.90000000e-02  4.90000000e-02 
 5.00000000e-02  6.99196450e-01  5.00000000e-02  5.00000000e-02 
 5.10000000e-02  6.99174380e-01  5.10000000e-02  5.10000000e-02 
 5.20000000e-02  6.99151707e-01  5.20000000e-02  5.20000000e-02 
 5.30000000e-02  6.99128416e-01  5.30000000e-02  5.30000000e-02 
 5.40000000e-02  6.99104490e-01  5.40000000e-02  5.40000000e-02 
 5.50000000e-02  6.99079913e-01  5.50000000e-02  5.50000000e-02 
 5.60000000e-02  6.99054666e-01  5.60000000e-02  5.60000000e-02 
 5.70000000e-02  6.99028734e-01  5.70000000e-02  5.70000000e-02 
 5.80000000e-02  6.99002096e-01  5.80000000e-02  5.80000000e-02 
 5.90000000e-02  6.98974736e-01  5.90000000e-02  5.90000000e-02 
 6.00000000e-02  6.98946634e-01  6.00000000e-02  6.00000000e-02 
 6.10000000e-02  6.98917772e-01  6.10000000e-02  6.10000000e-02 
 6.20000000e-02  6.98888129e-01  6.20000000e-02  6.20000000e-02 
 6.30000000e-02  6.98857685e-01  6.30000000e-02  6.30000000e-02 
 6.40000000e-02  6.98826419e-01  6.40000000e-02  6.40000000e-02 
 6.50000000e-02  6.98794312e-01  6.50000000e-02  6.50000000e-02 
 6.60000000e-02  6.98761340e-01  6.60000000e-02  6.60000000e-02 
 6.70000000e-02  6.98727483e-01  6.70000000e-02  6.70000000e-02 
 6.80000000e-02  6.98692717e-01  6.80000000e-02  6.80000000e-02 
 6.90000000e-02  6.98657021e-01  6.90000000e-02  6.90000000e-02 
 7.00000000e-02  6.98620369e-01  7.00000000e-02  7.00000000e-02 
 7.10000000e-02  6.98582740e-01  7.10000000e-02  7.10000000e-02 
 7.20000000e-02  6.98544107e-01  7.20000000e-02  7.20000000e-02 
 7.30000000e-02  6.98504448e-01  7.30000000e-02  7.30000000e-02 
 7.40000000e-02  6.98463735e-01  7.40000000e-02  7.40000000e-02 
 7.50000000e-02  6.98421943e-01  7.50000000e-02  7.50000000e-02 
 7.60000000e-02  6.98379046e-01  7.60000000e-02  7.60000000e-02 
 7.70000000e-02  6.98335018e-01  7.70000000e-02  7.70000000e-02 
 7.80000000e-02  6.98289830e-01  7.80000000e-02  7.80000000e-02 
 7.90000000e-02  6.98243454e-01  7.90000000e-02  7.90000000e-02 
 8.00000000e-02  6.98195863e-01  8.00000000e-02  8.00000000e-02 
 8.10000000e-02  6.98147028e-01  8.10000000e-02  8.10000000e-02 
 8.20000000e-02  6.98096919e-01  8.20000000e-02  8.20000000e-02 
 8.30000000e-02  6.98045506e-01  8.30000000e-02  8.30000000e-02 
 8.40000000e-02  6.97992758e-01  8.40000000e-02  8.40000000e-02 
 8.50000000e-02  6.97938645e-01  8.50000000e-02  8.50000000e-02 
 8.60000000e-02  6.97883135e-01  8.60000000e-02  8.60000000e-02 
 8.70000000e-02  6.97826197e-01  8.70000000e-02  8.70000000e-02 
 8.80000000e-02  6.97767797e-01  8.80000000e-02  8.80000000e-02 
 8.90000000e-02  6.97707903e-01  8.90000000e-02  8.90000000e-02 
 9.00000000e-02  6.97646480e-01  9.00000000e-02  9.00000000e-02 
 9.10000000e-02  6.97583496e-01  9.10000000e-02  9.10000000e-02 
 9.20000000e-02  6.97518916e-01  9.20000000e-02  9.20000000e-02 
 9.30000000e-02  6.97452703e-01  9.30000000e-02  9.30000000e-02 
 9.40000000e-02  6.97384824e-01  9.40000000e-02  9.40000000e-02 
 9.50000000e-02  6.97315242e-01  9.50000000e-02  9.50000000e-02 
 9.60000000e-02  6.97243920e-01  9.60000000e-02  9.60000000e-02 
 9.70000000e-02  6.97170821e-01  9.70000000e-02  9.70000000e-02 
 9.80000000e-02  6.97095909e-01  9.80000000e-02  9.80000000e-02 
 9.90000000e-02  6.97019144e-01  9.90000000e-02  9.90000000e-02 
 1.00000000e-01  6.96940490e-01  1.00000000e-01  1.00000000e-01 
 1.01000000e-01  6.96859907e-01  1.01000000e-01  1.01000000e-01 
 1.02000000e-01  6.96777355e-01  1.02000000e-01  1.02000000e-01 
 1.03000000e-01  6.96692797e-01  1.03000000e-01  1.03000000e-01 
 1.04000000e-01  6.96606190e-01  1.04000000e-01  1.04000000e-01 
 1.05000000e-01  6.96517495e-01  1.05000000e-01  1.05000000e-01 
 1.06000000e-01  6.96426672e-01  1.06000000e-01  1.06000000e-01 
 1.07000000e-01  6.96333679e-01  1.07000000e-01  1.07000000e-01 
 1.08000000e-01  6.96238475e-01  1.08000000e-01  1.08000000e-01 
 1.09000000e-01  6.96141017e-01  1.09000000e-01  1.09000000e-01 
 1.10000000e-01  6.96041264e-01  1.10000000e-01  1.10000000e-01 
 1.11000000e-01  6.95939173e-01  1.11000000e-01  1.11000000e-01 
 1.12000000e-01  6.95834702e-01  1.12000000e-01  1.12000000e-01 
 1.13000000e-01  6.95727807e-01  1.13000000e-01  1.13000000e-01 
 1.14000000e-01  6.95618445e-01  1.14000000e-01  1.14000000e-01 
 1.15000000e-01  6.95506572e-01  1.15000000e-01  1.15000000e-01 
 1.16000000e-01  6.95392145e-01  1.16000000e-01  1.16000000e-01 
 1.17000000e-01  6.95275120e-01  1.17000000e-01  1.17000000e-01 
 1.18000000e-01  6.95155452e-01  1.18000000e-01  1.18000000e-01 
 1.19000000e-01  6.95033096e-01  1.19000000e-01  1.19000000e-01 
 1.20000000e-01  6.94908009e-01  1.20000000e-01  1.20000000e-01 
 1.21000000e-01  6.94780145e-01  1.21000000e-01  1.21000000e-01 
 1.22000000e-01  6.94649460e-01  1.22000000e-01  1.22000000e-01 
 1.23000000e-01  6.94515908e-01  1.23000000e-01  1.23000000e-01 
 1.24000000e-01  6.94379445e-01  1.24000000e-01  1.24000000e-01 
 1.25000000e-01  6.94240024e-01  1.25000000e-01  1.25000000e-01 
 1.26000000e-01  6.94097601e-01  1.26000000e-01  1.26000000e-01 
 1.27000000e-01  6.93952130e-01  1.27000000e-01  1.27000000e-01 
 1.28000000e-01  6.93803566e-01  1.28000000e-01  1.28000000e-01 
 1.29000000e-01  6.93651863e-01  1.29000000e-01  1.29000000e-01 
 1.30000000e-01  6.93496977e-01  1.30000000e-01  1.30000000e-01 
 1.31000000e-01  6.93338861e-01  1.31000000e-01  1.31000000e-01 
 1.32000000e-01  6.93177470e-01  1.32000000e-01  1.32000000e-01 
 1.33000000e-01  6.93012760e-01  1.33000000e-01  1.33000000e-01 
 1.34000000e-01  6.92844685e-01  1.34000000e-01  1.34000000e-01 
 1.35000000e-01  6.92673199e-01  1.35000000e-01  1.35000000e-01 
 1.36000000e-01  6.92498258e-01  1.36000000e-01  1.36000000e-01 
 1.37000000e-01  6.92319818e-01  1.37000000e-01  1.37000000e-01 
 1.38000000e-01  6.92137832e-01  1.38000000e-01  1.38000000e-01 
 1.39000000e-01  6.91952258e-01  1.39000000e-01  1.39000000e-01 
 1.40000000e-01  6.91763050e-01  1.40000000e-01  1.40000000e-01 
 1.41000000e-01  6.91570165e-01  1.41000000e-01  1.41000000e-01 
 1.42000000e-01  6.91373558e-01  1.42000000e-01  1.42000000e-01 
 1.43000000e-01  6.91173187e-01  1.43000000e-01  1.43000000e-01 
 1.44000000e-01  6.90969006e-01  1.44000000e-01  1.44000000e-01 
 1.45000000e-01  6.90760974e-01  1.45000000e-01  1.45000000e-01 
 1.46000000e-01  6.90549047e-01  1.46000000e-01  1.46000000e-01 
 1.47000000e-01  6.90333183e-01  1.47000000e-01  1.47000000e-01 
 1.48000000e-01  6.90113339e-01  1.48000000e-01  1.48000000e-01 
 1.49000000e-01  6.89889473e-01  1.49000000e-01  1.49000000e-01 
 1.50000000e-01  6.89661543e-01  1.50000000e-01  1.50000000e-01 
 1.51000000e-01  6.89429509e-01  1.51000000e-01  1.51000000e-01 
 1.52000000e-01  6.89193327e-01  1.52000000e-01  1.52000000e-01 
 1.53000000e-01  6.88952959e-01  1.53000000e-01  1.53000000e-01 
 1.54000000e-01  6.88708362e-01  1.54000000e-01  1.54000000e-01 
 1.55000000e-01  6.88459497e-01  1.55000000e-01  1.55000000e-01 
 1.56000000e-01  6.88206324e-01  1.56000000e-01  1.56000000e-01 
 1.57000000e-01  6.87948802e-01  1.57000000e-01  1.57000000e-01 
 1.58000000e-01  6.87686894e-01  1.58000000e-01  1.58000000e-01 
 1.59000000e-01  6.87420558e-01  1.59000000e-01  1.59000000e-01 
 1.60000000e-01  6.87149757e-01  1.60000000e-01  1.60000000e-01 
 1.61000000e-01  6.86874453e-01  1.61000000e-01  1.61000000e-01 
 1.62000000e-01  6.86594606e-01  1.62000000e-01  1.62000000e-01 
 1.63000000e-01  6.86310179e-01  1.63000000e-01  1.63000000e-01 
 1.64000000e-01  6.86021134e-01  1.64000000e-01  1.64000000e-01 
 1.65000000e-01  6.85727433e-01  1.65000000e-01  1.65000000e-01 
 1.66000000e-01  6.85429040e-01  1.66000000e-01  1.66000000e-01 
 1.67000000e-01  6.85125918e-01  1.67000000e-01  1.67000000e-01 
 1.68000000e-01  6.84818028e-01  1.68000000e-01  1.68000000e-01 
 1.69000000e-01  6.84505336e-01  1.69000000e-01  1.69000000e-01 
 1.70000000e-01  6.84187804e-01  1.70000000e-01  1.70000000e-01 
 1.71000000e-01  6.83865396e-01  1.71000000e-01  1.71000000e-01 
 1.72000000e-01  6.83538075e-01  1.72000000e-01  1.72000000e-01 
 1.73000000e-01  6.83205807e-01  1.73000000e-01  1.73000000e-01 
 1.74000000e-01  6.82868554e-01  1.74000000e-01  1.74000000e-01 
 1.75000000e-01  6.82526281e-01  1.75000000e-01  1.75000000e-01 
 1.76000000e-01  6.82178952e-01  1.76000000e-01  1.76000000e-01 
 1.77000000e-01  6.81826530e-01  1.77000000e-01  1.77000000e-01 
 1.78000000e-01  6.81468981e-01  1.78000000e-01  1.78000000e-01 
 1.79000000e-01  6.81106268e-01  1.79000000e-01  1.79000000e-01 
 1.80000000e-01  6.80738355e-01  1.80000000e-01  1.80000000e-01 
 1.81000000e-01  6.80365206e-01  1.81000000e-01  1.81000000e-01 
 1.82000000e-01  6.79986784e-01  1.82000000e-01  1.82000000e-01 
 1.83000000e-01  6.79603054e-01  1.83000000e-01  1.83000000e-01 
 1.84000000e-01  6.79213978e-01  1.84000000e-01  1.84000000e-01 
 1.85000000e-01  6.78819520e-01  1.85000000e-01  1.85000000e-01 
 1.86000000e-01  6.78419643e-01  1.86000000e-01  1.86000000e-01 
 1.87000000e-01  6.78014310e-01  1.87000000e-01  1.87000000e-01 
 1.88000000e-01  6.77603482e-01  1.88000000e-01  1.88000000e-01 
 1.89000000e-01  6.77187122e-01  1.89000000e-01  1.89000000e-01 
 1.90000000e-01  6.76765191e-01  1.90000000e-01  1.90000000e-01 
 1.91000000e-01  6.76337651e-01  1.91000000e-01  1.91000000e-01 
 1.92000000e-01  6.75904461e-01  1.92000000e-01  1.92000000e-01 
 1.93000000e-01  6.75465583e-01  1.93000000e-01  1.93000000e-01 
 1.94000000e-01  6.75020977e-01  1.94000000e-01  1.94000000e-01 
 1.95000000e-01  6.74570600e-01  1.95000000e-01  1.95000000e-01 
 1.96000000e-01  6.74114411e-01  1.96000000e-01  1.96000000e-01 
 1.97000000e-01  6.73652369e-01  1.97000000e-01  1.97000000e-01 
 1.98000000e-01  6.73184429e-01  1.98000000e-01  1.98000000e-01 
 1.99000000e-01  6.72710549e-01  1.99000000e-01  1.99000000e-01 
 2.00000000e-01  6.72230684e-01  2.00000000e-01  2.00000000e-01 
 2.01000000e-01  6.71744789e-01  2.01000000e-01  2.01000000e-01 
 2.02000000e-01  6.71252816e-01  2.02000000e-01  2.02000000e-01 
 2.03000000e-01  6.70754720e-01  2.03000000e-01  2.03000000e-01 
 2.04000000e-01  6.70250451e-01  2.04000000e-01  2.04000000e-01 
 2.05000000e-01  6.69739960e-01  2.05000000e-01  2.05000000e-01 
 2.06000000e-01  6.69223197e-01  2.06000000e-01  2.06000000e-01 
 2.07000000e-01  6.68700111e-01  2.07000000e-01  2.07000000e-01 
 2.08000000e-01  6.68170647e-01  2.08000000e-01  2.08000000e-01 
 2.09000000e-01  6.67634753e-01  2.09000000e-01  2.09000000e-01 
 2.10000000e-01  6.67092373e-01  2.10000000e-01  2.10000000e-01 
 2.11000000e-01  6.66543450e-01  2.11000000e-01  2.11000000e-01 
 2.12000000e-01  6.65987925e-01  2.12000000e-01  2.12000000e-01 
 2.13000000e-01  6.65425739e-01  2.13000000e-01  2.13000000e-01 
 2.14000000e-01  6.64856830e-01  2.14000000e-01  2.14000000e-01 
 2.15000000e-01  6.64281135e-01  2.15000000e-01  2.15000000e-01 
 2.16000000e-01  6.63698589e-01  2.16000000e-01  2.16000000e-01 
 2.17000000e-01  6.63109126e-01  2.17000000e-01  2.17000000e-01 
 2.18000000e-01  6.62512676e-01  2.18000000e-01  2.18000000e-01 
 2.19000000e-01  6.61909170e-01  2.19000000e-01  2.19000000e-01 
 2.20000000e-01  6.61298534e-01  2.20000000e-01  2.20000000e-01 
 2.21000000e-01  6.60680694e-01  2.21000000e-01  2.21000000e-01 
 2.22000000e-01  6.60055573e-01  2.22000000e-01  2.22000000e-01 
 2.23000000e-01  6.59423091e-01  2.23000000e-01  2.23000000e-01 
 2.24000000e-01  6.58783166e-01  2.24000000e-01  2.24000000e-01 
 2.25000000e-01  6.58135715e-01  2.25000000e-01  2.25000000e-01 
 2.26000000e-01  6.57480650e-01  2.26000000e-01  2.26000000e-01 
 2.27000000e-01  6.56817882e-01  2.27000000e-01  2.27000000e-01 
 2.28000000e-01  6.56147318e-01  2.28000000e-01  2.28000000e-01 
 2.29000000e-01  6.55468863e-01  2.29000000e-01  2.29000000e-01 
 2.30000000e-01  6.54782419e-01  2.30000000e-01  2.30000000e-01 
 2.31000000e-01  6.54087882e-01  2.31000000e-01  2.31000000e-01 
 2.32000000e-01  6.53385150e-01  2.32000000e-01  2.32000000e-01 
 2.33000000e-01  6.52674112e-01  2.33000000e-01  2.33000000e-01 
 2.34000000e-01  6.51954657e-01  2.34000000e-01  2.34000000e-01 
 2.35000000e-01  6.51226670e-01  2.35000000e-01  2.35000000e-01 
 2.36000000e-01  6.50490030e-01  2.36000000e-01  2.36000000e-01 
 2.37000000e-01  6.49744613e-01  2.37000000e-01  2.37000000e-01 
 2.38000000e-01  6.48990293e-01  2.38000000e-01  2.38000000e-01 
 2.39000000e-01  6.48226935e-01  2.39000000e-01  2.39000000e-01 
 2.40000000e-01  6.47454404e-01  2.40000000e-01  2.40000000e-01 
 2.41000000e-01  6.46672558e-01  2.41000000e-01  2.41000000e-01 
 2.42000000e-01  6.45881250e-01  2.42000000e-01  2.42000000e-01 
 2.43000000e-01  6.45080328e-01  2.43000000e-01  2.43000000e-01 
 2.44000000e-01  6.44269635e-01  2.44000000e-01  2.44000000e-01 
 2.45000000e-01  6.43449008e-01  2.45000000e-01  2.45000000e-01 
 2.46000000e-01  6.42618279e-01  2.46000000e-01  2.46000000e-01 
 2.47000000e-01  6.41777272e-01  2.47000000e-01  2.47000000e-01 
 2.48000000e-01  6.40925808e-01  2.48000000e-01  2.48000000e-01 
 2.49000000e-01  6.40063698e-01  2.49000000e-01  2.49000000e-01 
 2.50000000e-01  6.39190747e-01  2.50000000e-01  2.50000000e-01 
 2.51000000e-01  6.38306755e-01  2.51000000e-01  2.51000000e-01 
 2.52000000e-01  6.37411511e-01  2.52000000e-01  2.52000000e-01 
 2.53000000e-01  6.36504799e-01  2.53000000e-01  2.53000000e-01 
 2.54000000e-01  6.35586394e-01  2.54000000e-01  2.54000000e-01 
 2.55000000e-01  6.34656061e-01  2.55000000e-01  2.55000000e-01 
 2.56000000e-01  6.33713559e-01  2.56000000e-01  2.56000000e-01 
 2.57000000e-01  6.32758636e-01  2.57000000e-01  2.57000000e-01 
 2.58000000e-01  6.31791029e-01  2.58000000e-01  2.58000000e-01 
 2.59000000e-01  6.30810468e-01  2.59000000e-01  2.59000000e-01 
 2.60000000e-01  6.29816669e-01  2.60000000e-01  2.60000000e-01 
 2.61000000e-01  6.28809340e-01  2.61000000e-01  2.61000000e-01 
 2.62000000e-01  6.27788176e-01  2.62000000e-01  2.62000000e-01 
 2.63000000e-01  6.26752859e-01  2.63000000e-01  2.63000000e-01 
 2.64000000e-01  6.25703061e-01  2.64000000e-01  2.64000000e-01 
 2.65000000e-01  6.24638437e-01  2.65000000e-01  2.65000000e-01 
 2.66000000e-01  6.23558633e-01  2.66000000e-01  2.66000000e-01 
 2.67000000e-01  6.22463275e-01  2.67000000e-01  2.67000000e-01 
 2.68000000e-01  6.21351979e-01  2.68000000e-01  2.68000000e-01 
 2.69000000e-01  6.20224342e-01  2.69000000e-01  2.69000000e-01 
 2.70000000e-01  6.19079944e-01  2.70000000e-01  2.70000000e-01 
 2.71000000e-01  6.17918351e-01  2.71000000e-01  2.71000000e-01 
 2.72000000e-01  6.16739106e-01  2.72000000e-01  2.72000000e-01 
 2.73000000e-01  6.15541738e-01  2.73000000e-01  2.73000000e-01 
 2.74000000e-01  6.14325752e-01  2.74000000e-01  2.74000000e-01 
 2.75000000e-01  6.13090634e-01  2.75000000e-01  2.75000000e-01 
 2.76000000e-01  6.11835848e-01  2.76000000e-01  2.76000000e-01 
 2.77000000e-01  6.10560834e-01  2.77000000e-01  2.77000000e-01 
 2.78000000e-01  6.09265008e-01  2.78000000e-01  2.78000000e-01 
 2.79000000e-01  6.07947761e-01  2.79000000e-01  2.79000000e-01 
 2.80000000e-01  6.06608459e-01  2.80000000e-01  2.80000000e-01 
 2.81000000e-01  6.05246437e-01  2.81000000e-01  2.81000000e-01 
 2.82000000e-01  6.03861003e-01  2.82000000e-01  2.82000000e-01 
 2.83000000e-01  6.02451435e-01  2.83000000e-01  2.83000000e-01 
 2.84000000e-01  6.01016976e-01  2.84000000e-01  2.84000000e-01 
 2.85000000e-01  5.99556837e-01  2.85000000e-01  2.85000000e-01 
 2.86000000e-01  5.98070196e-01  2.86000000e-01  2.86000000e-01 
 2.87000000e-01  5.96556188e-01  2.87000000e-01  2.87000000e-01 
 2.88000000e-01  5.95013916e-01  2.88000000e-01  2.88000000e-01 
 2.89000000e-01  5.93442437e-01  2.89000000e-01  2.89000000e-01 
 2.90000000e-01  5.91840767e-01  2.90000000e-01  2.90000000e-01 
 2.91000000e-01  5.90207877e-01  2.91000000e-01  2.91000000e-01 
 2.92000000e-01  5.88542692e-01  2.92000000e-01  2.92000000e-01 
 2.93000000e-01  5.86844085e-01  2.93000000e-01  2.93000000e-01 
 2.94000000e-01  5.85110880e-01  2.94000000e-01  2.94000000e-01 
 2.95000000e-01  5.83341846e-01  2.95000000e-01  2.95000000e-01 
 2.96000000e-01  5.81535693e-01  2.96000000e-01  2.96000000e-01 
 2.97000000e-01  5.79691075e-01  2.97000000e-01  2.97000000e-01 
 2.98000000e-01  5.77806581e-01  2.98000000e-01  2.98000000e-01 
 2.99000000e-01  5.75880736e-01  2.99000000e-01  2.99000000e-01 
 3.00000000e-01  5.73911997e-01  3.00000000e-01  3.00000000e-01 
 3.01000000e-01  5.71898750e-01  3.01000000e-01  3.01000000e-01 
 3.02000000e-01  5.69839307e-01  3.02000000e-01  3.02000000e-01 
 3.03000000e-01  5.67731902e-01  3.03000000e-01  3.03000000e-01 
 3.04000000e-01  5.65574690e-01  3.04000000e-01  3.04000000e-01 
 3.05000000e-01  5.63365742e-01  3.05000000e-01  3.05000000e-01 
 3.06000000e-01  5.61103044e-01  3.06000000e-01  3.06000000e-01 
 3.07000000e-01  5.58784492e-01  3.07000000e-01  3.07000000e-01 
 3.08000000e-01  5.56407892e-01  3.08000000e-01  3.08000000e-01 
 3.09000000e-01  5.53970958e-01  3.09000000e-01  3.09000000e-01 
 3.10000000e-01  5.51471306e-01  3.10000000e-01  3.10000000e-01 
 3.11000000e-01  5.48906458e-01  3.11000000e-01  3.11000000e-01 
 3.12000000e-01  5.46273843e-01  3.12000000e-01  3.12000000e-01 
 3.13000000e-01  5.43570791e-01  3.13000000e-01  3.13000000e-01 
 3.14000000e-01  5.40794543e-01  3.14000000e-01  3.14000000e-01 
 3.15000000e-01  5.37942250e-01  3.15000000e-01  3.15000000e-01 
 3.16000000e-01  5.35010981e-01  3.16000000e-01  3.16000000e-01 
 3.17000000e-01  5.31997732e-01  3.17000000e-01  3.17000000e-01 
 3.18000000e-01  5.28899435e-01  3.18000000e-01  3.18000000e-01 
 3.19000000e-01  5.25712974e-01  3.19000000e-01  3.19000000e-01 
 3.20000000e-01  5.22435201e-01  3.20000000e-01  3.20000000e-01 
 3.21000000e-01  5.19062963e-01  3.21000000e-01  3.21000000e-01 
 3.22000000e-01  5.15593120e-01  3.22000000e-01  3.22000000e-01 
 3.23000000e-01  5.12022585e-01  3.23000000e-01  3.23000000e-01 
 3.24000000e-01  5.08348355e-01  3.24000000e-01  3.24000000e-01 
 3.25000000e-01  5.04567555e-01  3.25000000e-01  3.25000000e-01 
 3.26000000e-01  5.00677484e-01  3.26000000e-01  3.26000000e-01 
 3.27000000e-01  4.96675658e-01  3.27000000e-01  3.27000000e-01 
 3.28000000e-01  4.92559856e-01  3.28000000e-01  3.28000000e-01 
 3.29000000e-01  4.88328187e-01  3.29000000e-01  3.29000000e-01 
 3.30000000e-01  4.83979146e-01  3.30000000e-01  3.30000000e-01 
 3.31000000e-01  4.79511671e-01  3.31000000e-01  3.31000000e-01 
 3.32000000e-01  4.74925197e-01  3.32000000e-01  3.32000000e-01 
 3.33000000e-01  4.70219711e-01  3.33000000e-01  3.33000000e-01 
 3.34000000e-01  4.65395804e-01  3.34000000e-01  3.34000000e-01 
 3.35000000e-01  4.60454718e-01  3.35000000e-01  3.35000000e-01 
 3.36000000e-01  4.55398397e-01  3.36000000e-01  3.36000000e-01 
 3.37000000e-01  4.50229523e-01  3.37000000e-01  3.37000000e-01 
 3.38000000e-01  4.44951557e-01  3.38000000e-01  3.38000000e-01 
 3.39000000e-01  4.39568772e-01  3.39000000e-01  3.39000000e-01 
 3.40000000e-01  4.34086273e-01  3.40000000e-01  3.40000000e-01 
 3.41000000e-01  4.28510007e-01  3.41000000e-01  3.41000000e-01 
 3.42000000e-01  4.22846766e-01  3.42000000e-01  3.42000000e-01 
 3.43000000e-01  4.17104155e-01  3.43000000e-01  3.43000000e-01 
 3.44000000e-01  4.11290563e-01  3.44000000e-01  3.44000000e-01 
 3.45000000e-01  4.05415101e-01  3.45000000e-01  3.45000000e-01 
 3.46000000e-01  3.99487528e-01  3.46000000e-01  3.46000000e-01 
 3.47000000e-01  3.93518167e-01  3.47000000e-01  3.47000000e-01 
 3.48000000e-01  3.87517812e-01  3.48000000e-01  3.48000000e-01 
 3.49000000e-01  3.81497626e-01  3.49000000e-01  3.49000000e-01 
 3.50000000e-01  3.75469040e-01  3.50000000e-01  3.50000000e-01 
 3.51000000e-01  3.69443657e-01  3.51000000e-01  3.51000000e-01 
 3.52000000e-01  3.63433145e-01  3.52000000e-01  3.52000000e-01 
 3.53000000e-01  3.57449141e-01  3.53000000e-01  3.53000000e-01 
 3.54000000e-01  3.51503148e-01  3.54000000e-01  3.54000000e-01 
 3.55000000e-01  3.45606432e-01  3.55000000e-01  3.55000000e-01 
 3.56000000e-01  3.39769912e-01  3.56000000e-01  3.56000000e-01 
 3.57000000e-01  3.34004055e-01  3.57000000e-01  3.57000000e-01 
 3.58000000e-01  3.28318757e-01  3.58000000e-01  3.58000000e-01 
 3.59000000e-01  3.22723237e-01  3.59000000e-01  3.59000000e-01 
 3.60000000e-01  3.17225923e-01  3.60000000e-01  3.60000000e-01 
 3.61000000e-01  3.11834354e-01  3.61000000e-01  3.61000000e-01 
 3.62000000e-01  3.06555087e-01  3.62000000e-01  3.62000000e-01 
 3.63000000e-01  3.01393633e-01  3.63000000e-01  3.63000000e-01 
 3.64000000e-01  2.96354402e-01  3.64000000e-01  3.64000000e-01 
 3.65000000e-01  2.91440684e-01  3.65000000e-01  3.65000000e-01 
 3.66000000e-01  2.86654651e-01  3.66000000e-01  3.66000000e-01 
 3.67000000e-01  2.81997388e-01  3.67000000e-01  3.67000000e-01 
 3.68000000e-01  2.77468952e-01  3.68000000e-01  3.68000000e-01 
 3.69000000e-01  2.73068452e-01  3.69000000e-01  3.69000000e-01 
 3.70000000e-01  2.68794142e-01  3.70000000e-01  3.70000000e-01 
 3.71000000e-01  2.64643536e-01  3.71000000e-01  3.71000000e-01 
 3.72000000e-01  2.60613523e-01  3.72000000e-01  3.72000000e-01 
 3.73000000e-01  2.56700480e-01  3.73000000e-01  3.73000000e-01 
 3.74000000e-01  2.52900384e-01  3.74000000e-01  3.74000000e-01 
 3.75000000e-01  2.49208929e-01  3.75000000e-01  3.75000000e-01 
 3.76000000e-01  2.45621629e-01  3.76000000e-01  3.76000000e-01 
 3.77000000e-01  2.42133911e-01  3.77000000e-01  3.77000000e-01 
 3.78000000e-01  2.38741185e-01  3.78000000e-01  3.78000000e-01 
 3.79000000e-01  2.35438913e-01  3.79000000e-01  3.79000000e-01 
 3.80000000e-01  2.32222663e-01  3.80000000e-01  3.80000000e-01 
 3.81000000e-01  2.29088153e-01  3.81000000e-01  3.81000000e-01 
 3.82000000e-01  2.26031277e-01  3.82000000e-01  3.82000000e-01 
 3.83000000e-01  2.23048135e-01  3.83000000e-01  3.83000000e-01 
 3.84000000e-01  2.20135047e-01  3.84000000e-01  3.84000000e-01 
 3.85000000e-01  2.17288557e-01  3.85000000e-01  3.85000000e-01 
 3.86000000e-01  2.14505438e-01  3.86000000e-01  3.86000000e-01 
 3.87000000e-01  2.11782689e-01  3.87000000e-01  3.87000000e-01 
 3.88000000e-01  2.09117529e-01  3.88000000e-01  3.88000000e-01 
 3.89000000e-01  2.06507384e-01  3.89000000e-01  3.89000000e-01 
 3.90000000e-01  2.03949879e-01  3.90000000e-01  3.90000000e-01 
 3.91000000e-01  2.01442821e-01  3.91000000e-01  3.91000000e-01 
 3.92000000e-01  1.98984186e-01  3.92000000e-01  3.92000000e-01 
 3.93000000e-01  1.96572104e-01  3.93000000e-01  3.93000000e-01 
 3.94000000e-01  1.94204846e-01  3.94000000e-01  3.94000000e-01 
 3.95000000e-01  1.91880803e-01  3.95000000e-01  3.95000000e-01 
 3.96000000e-01  1.89598482e-01  3.96000000e-01  3.96000000e-01 
 3.97000000e-01  1.87356484e-01  3.97000000e-01  3.97000000e-01 
 3.98000000e-01  1.85153499e-01  3.98000000e-01  3.98000000e-01 
 3.99000000e-01  1.82988293e-01  3.99000000e-01  3.99000000e-01 
 4.00000000e-01  1.80859696e-01  4.00000000e-01  4.00000000e-01 
 4.01000000e-01  1.78766600e-01  4.01000000e-01  4.01000000e-01 
 4.02000000e-01  1.76707947e-01  4.02000000e-01  4.02000000e-01 
 4.03000000e-01  1.74682726e-01  4.03000000e-01  4.03000000e-01 
 4.04000000e-01  1.72689967e-01  4.04000000e-01  4.04000000e-01 
 4.05000000e-01  1.70728736e-01  4.05000000e-01  4.05000000e-01 
 4.06000000e-01  1.68798135e-01  4.06000000e-01  4.06000000e-01 
 4.07000000e-01  1.66897294e-01  4.07000000e-01  4.07000000e-01 
 4.08000000e-01  1.65025376e-01  4.08000000e-01  4.08000000e-01 
 4.09000000e-01  1.63181568e-01  4.09000000e-01  4.09000000e-01 
 4.10000000e-01  1.61365086e-01  4.10000000e-01  4.10000000e-01 
 4.11000000e-01  1.59575169e-01  4.11000000e-01  4.11000000e-01 
 4.12000000e-01  1.57811080e-01  4.12000000e-01  4.12000000e-01 
 4.13000000e-01  1.56072107e-01  4.13000000e-01  4.13000000e-01 
 4.14000000e-01  1.54357560e-01  4.14000000e-01  4.14000000e-01 
 4.15000000e-01  1.52666771e-01  4.15000000e-01  4.15000000e-01 
 4.16000000e-01  1.50999095e-01  4.16000000e-01  4.16000000e-01 
 4.17000000e-01  1.49353907e-01  4.17000000e-01  4.17000000e-01 
 4.18000000e-01  1.47730605e-01  4.18000000e-01  4.18000000e-01 
 4.19000000e-01  1.46128605e-01  4.19000000e-01  4.19000000e-01 
 4.20000000e-01  1.44547344e-01  4.20000000e-01  4.20000000e-01 
 4.21000000e-01  1.42986280e-01  4.21000000e-01  4.21000000e-01 
 4.22000000e-01  1.41444888e-01  4.22000000e-01  4.22000000e-01 
 4.23000000e-01  1.39922663e-01  4.23000000e-01  4.23000000e-01 
 4.24000000e-01  1.38419118e-01  4.24000000e-01  4.24000000e-01 
 4.25000000e-01  1.36933783e-01  4.25000000e-01  4.25000000e-01 
 4.26000000e-01  1.35466206e-01  4.26000000e-01  4.26000000e-01 
 4.27000000e-01  1.34015952e-01  4.27000000e-01  4.27000000e-01 
 4.28000000e-01  1.32582599e-01  4.28000000e-01  4.28000000e-01 
 4.29000000e-01  1.31165744e-01  4.29000000e-01  4.29000000e-01 
 4.30000000e-01  1.29764998e-01  4.30000000e-01  4.30000000e-01 
 4.31000000e-01  1.28379986e-01  4.31000000e-01  4.31000000e-01 
 4.32000000e-01  1.27010347e-01  4.32000000e-01  4.32000000e-01 
 4.33000000e-01  1.25655734e-01  4.33000000e-01  4.33000000e-01 
 4.34000000e-01  1.24315812e-01  4.34000000e-01  4.34000000e-01 
 4.35000000e-01  1.22990260e-01  4.35000000e-01  4.35000000e-01 
 4.36000000e-01  1.21678767e-01  4.36000000e-01  4.36000000e-01 
 4.37000000e-01  1.20381035e-01  4.37000000e-01  4.37000000e-01 
 4.38000000e-01  1.19096777e-01  4.38000000e-01  4.38000000e-01 
 4.39000000e-01  1.17825716e-01  4.39000000e-01  4.39000000e-01 
 4.40000000e-01  1.16567585e-01  4.40000000e-01  4.40000000e-01 
 4.41000000e-01  1.15322128e-01  4.41000000e-01  4.41000000e-01 
 4.42000000e-01  1.14089097e-01  4.42000000e-01  4.42000000e-01 
 4.43000000e-01  1.12868253e-01  4.43000000e-01  4.43000000e-01 
 4.44000000e-01  1.11659368e-01  4.44000000e-01  4.44000000e-01 
 4.45000000e-01  1.10462219e-01  4.45000000e-01  4.45000000e-01 
 4.46000000e-01  1.09276592e-01  4.46000000e-01  4.46000000e-01 
 4.47000000e-01  1.08102283e-01  4.47000000e-01  4.47000000e-01 
 4.48000000e-01  1.06939092e-01  4.48000000e-01  4.48000000e-01 
 4.49000000e-01  1.05786828e-01  4.49000000e-01  4.49000000e-01 
 4.50000000e-01  1.04645305e-01  4.50000000e-01  4.50000000e-01 
 4.51000000e-01  1.03514345e-01  4.51000000e-01  4.51000000e-01 
 4.52000000e-01  1.02393776e-01  4.52000000e-01  4.52000000e-01 
 4.53000000e-01  1.01283432e-01  4.53000000e-01  4.53000000e-01 
 4.54000000e-01  1.00183151e-01  4.54000000e-01  4.54000000e-01 
 4.55000000e-01  9.90927792e-02  4.55000000e-01  4.55000000e-01 
 4.56000000e-01  9.80121655e-02  4.56000000e-01  4.56000000e-01 
 4.57000000e-01  9.69411651e-02  4.57000000e-01  4.57000000e-01 
 4.58000000e-01  9.58796380e-02  4.58000000e-01  4.58000000e-01 
 4.59000000e-01  9.48274486e-02  4.59000000e-01  4.59000000e-01 
 4.60000000e-01  9.37844658e-02  4.60000000e-01  4.60000000e-01 
 4.61000000e-01  9.27505627e-02  4.61000000e-01  4.61000000e-01 
 4.62000000e-01  9.17256167e-02  4.62000000e-01  4.62000000e-01 
 4.63000000e-01  9.07095090e-02  4.63000000e-01  4.63000000e-01 
 4.64000000e-01  8.97021246e-02  4.64000000e-01  4.64000000e-01 
 4.65000000e-01  8.87033523e-02  4.65000000e-01  4.65000000e-01 
 4.66000000e-01  8.77130842e-02  4.66000000e-01  4.66000000e-01 
 4.67000000e-01  8.67312160e-02  4.67000000e-01  4.67000000e-01 
 4.68000000e-01  8.57576464e-02  4.68000000e-01  4.68000000e-01 
 4.69000000e-01  8.47922775e-02  4.69000000e-01  4.69000000e-01 
 4.70000000e-01  8.38350143e-02  4.70000000e-01  4.70000000e-01 
 4.71000000e-01  8.28857646e-02  4.71000000e-01  4.71000000e-01 
 4.72000000e-01  8.19444393e-02  4.72000000e-01  4.72000000e-01 
 4.73000000e-01  8.10109517e-02  4.73000000e-01  4.73000000e-01 
 4.74000000e-01  8.00852178e-02  4.74000000e-01  4.74000000e-01 
 4.75000000e-01  7.91671562e-02  4.75000000e-01  4.75000000e-01 
 4.76000000e-01  7.82566878e-02  4.76000000e-01  4.76000000e-01 
 4.77000000e-01  7.73537360e-02  4.77000000e-01  4.77000000e-01 
 4.78000000e-01  7.64582262e-02  4.78000000e-01  4.78000000e-01 
 4.79000000e-01  7.55700863e-02  4.79000000e-01  4.79000000e-01 
 4.80000000e-01  7.46892461e-02  4.80000000e-01  4.80000000e-01 
 4.81000000e-01  7.38156374e-02  4.81000000e-01  4.81000000e-01 
 4.82000000e-01  7.29491941e-02  4.82000000e-01  4.82000000e-01 
 4.83000000e-01  7.20898518e-02  4.83000000e-01  4.83000000e-01 
 4.84000000e-01  7.12375483e-02  4.84000000e-01  4.84000000e-01 
 4.85000000e-01  7.03922228e-02  4.85000000e-01  4.85000000e-01 
 4.86000000e-01  6.95538165e-02  4.86000000e-01  4.86000000e-01 
 4.87000000e-01  6.87222719e-02  4.87000000e-01  4.87000000e-01 
 4.88000000e-01  6.78975335e-02  4.88000000e-01  4.88000000e-01 
 4.89000000e-01  6.70795471e-02  4.89000000e-01  4.89000000e-01 
 4.90000000e-01  6.62682602e-02  4.90000000e-01  4.90000000e-01 
 4.91000000e-01  6.54636215e-02  4.91000000e-01  4.91000000e-01 
 4.92000000e-01  6.46655813e-02  4.92000000e-01  4.92000000e-01 
 4.93000000e-01  6.38740912e-02  4.93000000e-01  4.93000000e-01 
 4.94000000e-01  6.30891043e-02  4.94000000e-01  4.94000000e-01 
 4.95000000e-01  6.23105746e-02  4.95000000e-01  4.95000000e-01 
 4.96000000e-01  6.15384576e-02  4.96000000e-01  4.96000000e-01 
 4.97000000e-01  6.07727101e-02  4.97000000e-01  4.97000000e-01 
 4.98000000e-01  6.00132897e-02  4.98000000e-01  4.98000000e-01 
 4.99000000e-01  5.92601556e-02  4.99000000e-01  4.99000000e-01 
 5.00000000e-01  5.85132676e-02  5.00000000e-01  5.00000000e-01 
 5.01000000e-01  5.77725870e-02  5.01000000e-01  5.01000000e-01 
 5.02000000e-01  5.70380758e-02  5.02000000e-01  5.02000000e-01 
 5.03000000e-01  5.63096972e-02  5.03000000e-01  5.03000000e-01 
 5.04000000e-01  5.55874151e-02  5.04000000e-01  5.04000000e-01 
 5.05000000e-01  5.48711948e-02  5.05000000e-01  5.05000000e-01 
 5.06000000e-01  5.41610020e-02  5.06000000e-01  5.06000000e-01 
 5.07000000e-01  5.34568035e-02  5.07000000e-01  5.07000000e-01 
 5.08000000e-01  5.27585670e-02  5.08000000e-01  5.08000000e-01 
 5.09000000e-01  5.20662609e-02  5.09000000e-01  5.09000000e-01 
 5.10000000e-01  5.13798545e-02  5.10000000e-01  5.10000000e-01 
 5.11000000e-01  5.06993177e-02  5.11000000e-01  5.11000000e-01 
 5.12000000e-01  5.00246214e-02  5.12000000e-01  5.12000000e-01 
 5.13000000e-01  4.93557370e-02  5.13000000e-01  5.13000000e-01 
 5.14000000e-01  4.86926367e-02  5.14000000e-01  5.14000000e-01 
 5.15000000e-01  4.80352933e-02  5.15000000e-01  5.15000000e-01 
 5.16000000e-01  4.73836803e-02  5.16000000e-01  5.16000000e-01 
 5.17000000e-01  4.67377719e-02  5.17000000e-01  5.17000000e-01 
 5.18000000e-01  4.60975426e-02  5.18000000e-01  5.18000000e-01 
 5.19000000e-01  4.54629678e-02  5.19000000e-01  5.19000000e-01 
 5.20000000e-01  4.48340235e-02  5.20000000e-01  5.20000000e-01 
 5.21000000e-01  4.42106859e-02  5.21000000e-01  5.21000000e-01 
 5.22000000e-01  4.35929319e-02  5.22000000e-01  5.22000000e-01 
 5.23000000e-01  4.29807391e-02  5.23000000e-01  5.23000000e-01 
 5.24000000e-01  4.23740853e-02  5.24000000e-01  5.24000000e-01 
 5.25000000e-01  4.17729488e-02  5.25000000e-01  5.25000000e-01 
 5.26000000e-01  4.11773085e-02  5.26000000e-01  5.26000000e-01 
 5.27000000e-01  4.05871435e-02  5.27000000e-01  5.27000000e-01 
 5.28000000e-01  4.00024335e-02  5.28000000e-01  5.28000000e-01 
 5.29000000e-01  3.94231585e-02  5.29000000e-01  5.29000000e-01 
 5.30000000e-01  3.88492988e-02  5.30000000e-01  5.30000000e-01 
 5.31000000e-01  3.82808352e-02  5.31000000e-01  5.31000000e-01 
 5.32000000e-01  3.77177488e-02  5.32000000e-01  5.32000000e-01 
 5.33000000e-01  3.71600208e-02  5.33000000e-01  5.33000000e-01 
 5.34000000e-01  3.66076330e-02  5.34000000e-01  5.34000000e-01 
 5.35000000e-01  3.60605674e-02  5.35000000e-01  5.35000000e-01 
 5.36000000e-01  3.55188060e-02  5.36000000e-01  5.36000000e-01 
 5.37000000e-01  3.49823313e-02  5.37000000e-01  5.37000000e-01 
 5.38000000e-01  3.44511261e-02  5.38000000e-01  5.38000000e-01 
 5.39000000e-01  3.39251732e-02  5.39000000e-01  5.39000000e-01 
 5.40000000e-01  3.34044556e-02  5.40000000e-01  5.40000000e-01 
 5.41000000e-01  3.28889567e-02  5.41000000e-01  5.41000000e-01 
 5.42000000e-01  3.23786599e-02  5.42000000e-01  5.42000000e-01 
 5.43000000e-01  3.18735488e-02  5.43000000e-01  5.43000000e-01 
 5.44000000e-01  3.13736069e-02  5.44000000e-01  5.44000000e-01 
 5.45000000e-01  3.08788183e-02  5.45000000e-01  5.45000000e-01 
 5.46000000e-01  3.03891667e-02  5.46000000e-01  5.46000000e-01 
 5.47000000e-01  2.99046362e-02  5.47000000e-01  5.47000000e-01 
 5.48000000e-01  2.94252109e-02  5.48000000e-01  5.48000000e-01 
 5.49000000e-01  2.89508748e-02  5.49000000e-01  5.49000000e-01 
 5.50000000e-01  2.84816121e-02  5.50000000e-01  5.50000000e-01 
 5.51000000e-01  2.80174071e-02  5.51000000e-01  5.51000000e-01 
 5.52000000e-01  2.75582438e-02  5.52000000e-01  5.52000000e-01 
 5.53000000e-01  2.71041066e-02  5.53000000e-01  5.53000000e-01 
 5.54000000e-01  2.66549795e-02  5.54000000e-01  5.54000000e-01 
 5.55000000e-01  2.62108467e-02  5.55000000e-01  5.55000000e-01 
 5.56000000e-01  2.57716922e-02  5.56000000e-01  5.56000000e-01 
 5.57000000e-01  2.53375001e-02  5.57000000e-01  5.57000000e-01 
 5.58000000e-01  2.49082544e-02  5.58000000e-01  5.58000000e-01 
 5.59000000e-01  2.44839387e-02  5.59000000e-01  5.59000000e-01 
 5.60000000e-01  2.40645370e-02  5.60000000e-01  5.60000000e-01 
 5.61000000e-01  2.36500328e-02  5.61000000e-01  5.61000000e-01 
 5.62000000e-01  2.32404095e-02  5.62000000e-01  5.62000000e-01 
 5.63000000e-01  2.28356506e-02  5.63000000e-01  5.63000000e-01 
 5.64000000e-01  2.24357391e-02  5.64000000e-01  5.64000000e-01 
 5.65000000e-01  2.20406581e-02  5.65000000e-01  5.65000000e-01 
 5.66000000e-01  2.16503905e-02  5.66000000e-01  5.66000000e-01 
 5.67000000e-01  2.12649187e-02  5.67000000e-01  5.67000000e-01 
 5.68000000e-01  2.08842253e-02  5.68000000e-01  5.68000000e-01 
 5.69000000e-01  2.05082923e-02  5.69000000e-01  5.69000000e-01 
 5.70000000e-01  2.01371017e-02  5.70000000e-01  5.70000000e-01 
 5.71000000e-01  1.97706353e-02  5.71000000e-01  5.71000000e-01 
 5.72000000e-01  1.94088743e-02  5.72000000e-01  5.72000000e-01 
 5.73000000e-01  1.90518000e-02  5.73000000e-01  5.73000000e-01 
 5.74000000e-01  1.86993933e-02  5.74000000e-01  5.74000000e-01 
 5.75000000e-01  1.83516347e-02  5.75000000e-01  5.75000000e-01 
 5.76000000e-01  1.80085044e-02  5.76000000e-01  5.76000000e-01 
 5.77000000e-01  1.76699824e-02  5.77000000e-01  5.77000000e-01 
 5.78000000e-01  1.73360484e-02  5.78000000e-01  5.78000000e-01 
 5.79000000e-01  1.70066815e-02  5.79000000e-01  5.79000000e-01 
 5.80000000e-01  1.66818608e-02  5.80000000e-01  5.80000000e-01 
 5.81000000e-01  1.63615647e-02  5.81000000e-01  5.81000000e-01 
 5.82000000e-01  1.60457715e-02  5.82000000e-01  5.82000000e-01 
 5.83000000e-01  1.57344591e-02  5.83000000e-01  5.83000000e-01 
 5.84000000e-01  1.54276048e-02  5.84000000e-01  5.84000000e-01 
 5.85000000e-01  1.51251857e-02  5.85000000e-01  5.85000000e-01 
 5.86000000e-01  1.48271784e-02  5.86000000e-01  5.86000000e-01 
 5.87000000e-01  1.45335592e-02  5.87000000e-01  5.87000000e-01 
 5.88000000e-01  1.42443039e-02  5.88000000e-01  5.88000000e-01 
 5.89000000e-01  1.39593880e-02  5.89000000e-01  5.89000000e-01 
 5.90000000e-01  1.36787863e-02  5.90000000e-01  5.90000000e-01 
 5.91000000e-01  1.34024734e-02  5.91000000e-01  5.91000000e-01 
 5.92000000e-01  1.31304234e-02  5.92000000e-01  5.92000000e-01 
 5.93000000e-01  1.28626099e-02  5.93000000e-01  5.93000000e-01 
 5.94000000e-01  1.25990062e-02  5.94000000e-01  5.94000000e-01 
 5.95000000e-01  1.23395850e-02  5.95000000e-01  5.95000000e-01 
 5.96000000e-01  1.20843187e-02  5.96000000e-01  5.96000000e-01 
 5.97000000e-01  1.18331789e-02  5.97000000e-01  5.97000000e-01 
 5.98000000e-01  1.15861371e-02  5.98000000e-01  5.98000000e-01 
 5.99000000e-01  1.13431642e-02  5.99000000e-01  5.99000000e-01 
 6.00000000e-01  1.11042306e-02  6.00000000e-01  6.00000000e-01 
 6.01000000e-01  1.08693063e-02  6.01000000e-01  6.01000000e-01 
 6.02000000e-01  1.06383608e-02  6.02000000e-01  6.02000000e-01 
 6.03000000e-01  1.04113631e-02  6.03000000e-01  6.03000000e-01 
 6.04000000e-01  1.01882817e-02  6.04000000e-01  6.04000000e-01 
 6.05000000e-01  9.96908486e-03  6.05000000e-01  6.05000000e-01 
 6.06000000e-01  9.75374005e-03  6.06000000e-01  6.06000000e-01 
 6.07000000e-01  9.54221450e-03  6.07000000e-01  6.07000000e-01 
 6.08000000e-01  9.33447491e-03  6.08000000e-01  6.08000000e-01 
 6.09000000e-01  9.13048754e-03  6.09000000e-01  6.09000000e-01 
 6.10000000e-01  8.93021818e-03  6.10000000e-01  6.10000000e-01 
 6.11000000e-01  8.73363220e-03  6.11000000e-01  6.11000000e-01 
 6.12000000e-01  8.54069453e-03  6.12000000e-01  6.12000000e-01 
 6.13000000e-01  8.35136965e-03  6.13000000e-01  6.13000000e-01 
 6.14000000e-01  8.16562163e-03  6.14000000e-01  6.14000000e-01 
 6.15000000e-01  7.98341413e-03  6.15000000e-01  6.15000000e-01 
 6.16000000e-01  7.80471039e-03  6.16000000e-01  6.16000000e-01 
 6.17000000e-01  7.62947327e-03  6.17000000e-01  6.17000000e-01 
 6.18000000e-01  7.45766524e-03  6.18000000e-01  6.18000000e-01 
 6.19000000e-01  7.28924839e-03  6.19000000e-01  6.19000000e-01 
 6.20000000e-01  7.12418444e-03  6.20000000e-01  6.20000000e-01 
 6.21000000e-01  6.96243479e-03  6.21000000e-01  6.21000000e-01 
 6.22000000e-01  6.80396047e-03  6.22000000e-01  6.22000000e-01 
 6.23000000e-01  6.64872221e-03  6.23000000e-01  6.23000000e-01 
 6.24000000e-01  6.49668043e-03  6.24000000e-01  6.24000000e-01 
 6.25000000e-01  6.34779526e-03  6.25000000e-01  6.25000000e-01 
 6.26000000e-01  6.20202653e-03  6.26000000e-01  6.26000000e-01 
 6.27000000e-01  6.05933383e-03  6.27000000e-01  6.27000000e-01 
 6.28000000e-01  5.91967653e-03  6.28000000e-01  6.28000000e-01 
 6.29000000e-01  5.78301372e-03  6.29000000e-01  6.29000000e-01 
 6.30000000e-01  5.64930434e-03  6.30000000e-01  6.30000000e-01 
 6.31000000e-01  5.51850711e-03  6.31000000e-01  6.31000000e-01 
 6.32000000e-01  5.39058058e-03  6.32000000e-01  6.32000000e-01 
 6.33000000e-01  5.26548318e-03  6.33000000e-01  6.33000000e-01 
 6.34000000e-01  5.14317317e-03  6.34000000e-01  6.34000000e-01 
 6.35000000e-01  5.02360874e-03  6.35000000e-01  6.35000000e-01 
 6.36000000e-01  4.90674797e-03  6.36000000e-01  6.36000000e-01 
 6.37000000e-01  4.79254888e-03  6.37000000e-01  6.37000000e-01 
 6.38000000e-01  4.68096944e-03  6.38000000e-01  6.38000000e-01 
 6.39000000e-01  4.57196761e-03  6.39000000e-01  6.39000000e-01 
 6.40000000e-01  4.46550134e-03  6.40000000e-01  6.40000000e-01 
 6.41000000e-01  4.36152860e-03  6.41000000e-01  6.41000000e-01 
 6.42000000e-01  4.26000740e-03  6.42000000e-01  6.42000000e-01 
 6.43000000e-01  4.16089582e-03  6.43000000e-01  6.43000000e-01 
 6.44000000e-01  4.06415202e-03  6.44000000e-01  6.44000000e-01 
 6.45000000e-01  3.96973427e-03  6.45000000e-01  6.45000000e-01 
 6.46000000e-01  3.87760098e-03  6.46000000e-01  6.46000000e-01 
 6.47000000e-01  3.78771069e-03  6.47000000e-01  6.47000000e-01 
 6.48000000e-01  3.70002214e-03  6.48000000e-01  6.48000000e-01 
 6.49000000e-01  3.61449424e-03  6.49000000e-01  6.49000000e-01 
 6.50000000e-01  3.53108614e-03  6.50000000e-01  6.50000000e-01 
 6.51000000e-01  3.44975718e-03  6.51000000e-01  6.51000000e-01 
 6.52000000e-01  3.37046702e-03  6.52000000e-01  6.52000000e-01 
 6.53000000e-01  3.29317553e-03  6.53000000e-01  6.53000000e-01 
 6.54000000e-01  3.21784293e-03  6.54000000e-01  6.54000000e-01 
 6.55000000e-01  3.14442971e-03  6.55000000e-01  6.55000000e-01 
 6.56000000e-01  3.07289672e-03  6.56000000e-01  6.56000000e-01 
 6.57000000e-01  3.00320514e-03  6.57000000e-01  6.57000000e-01 
 6.58000000e-01  2.93531653e-03  6.58000000e-01  6.58000000e-01 
 6.59000000e-01  2.86919281e-03  6.59000000e-01  6.59000000e-01 
 6.60000000e-01  2.80479632e-03  6.60000000e-01  6.60000000e-01 
 6.61000000e-01  2.74208980e-03  6.61000000e-01  6.61000000e-01 
 6.62000000e-01  2.68103642e-03  6.62000000e-01  6.62000000e-01 
 6.63000000e-01  2.62159978e-03  6.63000000e-01  6.63000000e-01 
 6.64000000e-01  2.56374393e-03  6.64000000e-01  6.64000000e-01 
 6.65000000e-01  2.50743340e-03  6.65000000e-01  6.65000000e-01 
 6.66000000e-01  2.45263318e-03  6.66000000e-01  6.66000000e-01 
 6.67000000e-01  2.39930874e-03  6.67000000e-01  6.67000000e-01 
 6.68000000e-01  2.34742604e-03  6.68000000e-01  6.68000000e-01 
 6.69000000e-01  2.29695156e-03  6.69000000e-01  6.69000000e-01 
 6.70000000e-01  2.24785227e-03  6.70000000e-01  6.70000000e-01 
 6.71000000e-01  2.20009567e-03  6.71000000e-01  6.71000000e-01 
 6.72000000e-01  2.15364975e-03  6.72000000e-01  6.72000000e-01 
 6.73000000e-01  2.10848305e-03  6.73000000e-01  6.73000000e-01 
 6.74000000e-01  2.06456465e-03  6.74000000e-01  6.74000000e-01 
 6.75000000e-01  2.02186413e-03  6.75000000e-01  6.75000000e-01 
 6.76000000e-01  1.98035163e-03  6.76000000e-01  6.76000000e-01 
 6.77000000e-01  1.93999783e-03  6.77000000e-01  6.77000000e-01 
 6.78000000e-01  1.90077392e-03  6.78000000e-01  6.78000000e-01 
 6.79000000e-01  1.86265166e-03  6.79000000e-01  6.79000000e-01 
 6.80000000e-01  1.82560333e-03  6.80000000e-01  6.80000000e-01 
 6.81000000e-01  1.78960176e-03  6.81000000e-01  6.81000000e-01 
 6.82000000e-01  1.75462030e-03  6.82000000e-01  6.82000000e-01 
 6.83000000e-01  1.72063286e-03  6.83000000e-01  6.83000000e-01 
 6.84000000e-01  1.68761386e-03  6.84000000e-01  6.84000000e-01 
 6.85000000e-01  1.65553826e-03  6.85000000e-01  6.85000000e-01 
 6.86000000e-01  1.62438153e-03  6.86000000e-01  6.86000000e-01 
 6.87000000e-01  1.59411968e-03  6.87000000e-01  6.87000000e-01 
 6.88000000e-01  1.56472922e-03  6.88000000e-01  6.88000000e-01 
 6.89000000e-01  1.53618718e-03  6.89000000e-01  6.89000000e-01 
 6.90000000e-01  1.50847109e-03  6.90000000e-01  6.90000000e-01 
 6.91000000e-01  1.48155899e-03  6.91000000e-01  6.91000000e-01 
 6.92000000e-01  1.45542941e-03  6.92000000e-01  6.92000000e-01 
 6.93000000e-01  1.43006136e-03  6.93000000e-01  6.93000000e-01 
 6.94000000e-01  1.40543434e-03  6.94000000e-01  6.94000000e-01 
 6.95000000e-01  1.38152831e-03  6.95000000e-01  6.95000000e-01 
 6.96000000e-01  1.35832373e-03  6.96000000e-01  6.96000000e-01 
 6.97000000e-01  1.33580148e-03  6.97000000e-01  6.97000000e-01 
 6.98000000e-01  1.31394291e-03  6.98000000e-01  6.98000000e-01 
 6.99000000e-01  1.29272983e-03  6.99000000e-01  6.99000000e-01 
 7.00000000e-01  1.27214447e-03  7.00000000e-01  7.00000000e-01 
