 0.00000000e+00  6.99793295e-01  0.00000000e+00  0.00000000e+00 
 1.00000000e-03  6.99787655e-01  1.00000000e-03  1.00000000e-03 
 2.00000000e-03  6.99781785e-01  2.00000000e-03  2.00000000e-03 
 3.00000000e-03  6.99775755e-01  3.00000000e-03  3.00000000e-03 
 4.00000000e-03  6.99769560e-01  4.00000000e-03  4.00000000e-03 
 5.00000000e-03  6.99763196e-01  5.00000000e-03  5.00000000e-03 
 6.00000000e-03  6.99756658e-01  6.00000000e-03  6.00000000e-03 
 7.00000000e-03  6.99749941e-01  7.00000000e-03  7.00000000e-03 
 8.00000000e-03  6.99743041e-01  8.00000000e-03  8.00000000e-03 
 9.00000000e-03  6.99735952e-01  9.00000000e-03  9.00000000e-03 
 1.00000000e-02  6.99728670e-01  1.00000000e-02  1.00000000e-02 
 1.10000000e-02  6.99721188e-01  1.10000000e-02  1.10000000e-02 
 1.20000000e-02  6.99713501e-01  1.20000000e-02  1.20000000e-02 
 1.30000000e-02  6.99705604e-01  1.30000000e-02  1.30000000e-02 
 1.40000000e-02  6.99697491e-01  1.40000000e-02  1.40000000e-02 
 1.50000000e-02  6.99689156e-01  1.50000000e-02  1.50000000e-02 
 1.60000000e-02  6.99680593e-01  1.60000000e-02  1.60000000e-02 
 1.70000000e-02  6.99671795e-01  1.70000000e-02  1.70000000e-02 
 1.80000000e-02  6.99662757e-01  1.80000000e-02  1.80000000e-02 
 1.90000000e-02  6.99653470e-01  1.90000000e-02  1.90000000e-02 
 2.00000000e-02  6.99643929e-01  2.00000000e-02  2.00000000e-02 
 2.10000000e-02  6.99634127e-01  2.10000000e-02  2.10000000e-02 
 2.20000000e-02  6.99624055e-01  2.20000000e-02  2.20000000e-02 
 2.30000000e-02  6.99613708e-01  2.30000000e-02  2.30000000e-02 
 2.40000000e-02  6.99603076e-01  2.40000000e-02  2.40000000e-02 
 2.50000000e-02  6.99592153e-01  2.50000000e-02  2.50000000e-02 
 2.60000000e-02  6.99580931e-01  2.60000000e-02  2.60000000e-02 
 2.70000000e-02  6.99569400e-01  2.70000000e-02  2.70000000e-02 
 2.80000000e-02  6.99557553e-01  2.80000000e-02  2.80000000e-02 
 2.90000000e-02  6.99545380e-01  2.90000000e-02  2.90000000e-02 
 3.00000000e-02  6.99532874e-01  3.00000000e-02  3.00000000e-02 
 3.10000000e-02  6.99520024e-01  3.10000000e-02  3.10000000e-02 
 3.20000000e-02  6.99506821e-01  3.20000000e-02  3.20000000e-02 
 3.30000000e-02  6.99493256e-01  3.30000000e-02  3.30000000e-02 
 3.40000000e-02  6.99479318e-01  3.40000000e-02  3.40000000e-02 
 3.50000000e-02  6.99464997e-01  3.50000000e-02  3.50000000e-02 
 3.60000000e-02  6.99450284e-01  3.60000000e-02  3.60000000e-02 
 3.70000000e-02  6.99435167e-01  3.70000000e-02  3.70000000e-02 
 3.80000000e-02  6.99419634e-01  3.80000000e-02  3.80000000e-02 
 3.90000000e-02  6.99403676e-01  3.90000000e-02  3.90000000e-02 
 4.00000000e-02  6.99387279e-01  4.00000000e-02  4.00000000e-02 
 4.10000000e-02  6.99370433e-01  4.10000000e-02  4.10000000e-02 
 4.20000000e-02  6.99353125e-01  4.20000000e-02  4.20000000e-02 
 4.30000000e-02  6.99335342e-01  4.30000000e-02  4.30000000e-02 
 4.40000000e-02  6.99317071e-01  4.40000000e-02  4.40000000e-02 
 4.50000000e-02  6.99298301e-01  4.50000000e-02  4.50000000e-02 
 4.60000000e-02  6.99279016e-01  4.60000000e-02  4.60000000e-02 
 4.70000000e-02  6.99259203e-01  4.70000000e-02  4.70000000e-02 
 4.80000000e-02  6.99238848e-01  4.80000000e-02  4.80000000e-02 
 4.90000000e-02  6.99217936e-01  4.90000000e-02  4.90000000e-02 
 5.00000000e-02  6.99196453e-01  5.00000000e-02  5.00000000e-02 
 5.10000000e-02  6.99174383e-01  5.10000000e-02  5.10000000e-02 
 5.20000000e-02  6.99151710e-01  5.20000000e-02  5.20000000e-02 
 5.30000000e-02  6.99128419e-01  5.30000000e-02  5.30000000e-02 
 5.40000000e-02  6.99104493e-01  5.40000000e-02  5.40000000e-02 
 5.50000000e-02  6.99079916e-01  5.50000000e-02  5.50000000e-02 
 5.60000000e-02  6.99054669e-01  5.60000000e-02  5.60000000e-02 
 5.70000000e-02  6.99028736e-01  5.70000000e-02  5.70000000e-02 
 5.80000000e-02  6.99002099e-01  5.80000000e-02  5.80000000e-02 
 5.90000000e-02  6.98974739e-01  5.90000000e-02  5.90000000e-02 
 6.00000000e-02  6.98946637e-01  6.00000000e-02  6.00000000e-02 
 6.10000000e-02  6.98917775e-01  6.10000000e-02  6.10000000e-02 
 6.20000000e-02  6.98888131e-01  6.20000000e-02  6.20000000e-02 
 6.30000000e-02  6.98857687e-01  6.30000000e-02  6.30000000e-02 
 6.40000000e-02  6.98826422e-01  6.40000000e-02  6.40000000e-02 
 6.50000000e-02  6.98794314e-01  6.50000000e-02  6.50000000e-02 
 6.60000000e-02  6.98761343e-01  6.60000000e-02  6.60000000e-02 
 6.70000000e-02  6.98727486e-01  6.70000000e-02  6.70000000e-02 
 6.80000000e-02  6.98692720e-01  6.80000000e-02  6.80000000e-02 
 6.90000000e-02  6.98657023e-01  6.90000000e-02  6.90000000e-02 
 7.00000000e-02  6.98620372e-01  7.00000000e-02  7.00000000e-02 
 7.10000000e-02  6.98582743e-01  7.10000000e-02  7.10000000e-02 
 7.20000000e-02  6.98544110e-01  7.20000000e-02  7.20000000e-02 
 7.30000000e-02  6.98504450e-01  7.30000000e-02  7.30000000e-02 
 7.40000000e-02  6.98463737e-01  7.40000000e-02  7.40000000e-02 
 7.50000000e-02  6.98421946e-01  7.50000000e-02  7.50000000e-02 
 7.60000000e-02  6.98379049e-01  7.60000000e-02  7.60000000e-02 
 7.70000000e-02  6.98335020e-01  7.70000000e-02  7.70000000e-02 
 7.80000000e-02  6.98289832e-01  7.80000000e-02  7.80000000e-02 
 7.90000000e-02  6.98243457e-01  7.90000000e-02  7.90000000e-02 
 8.00000000e-02  6.98195866e-01  8.00000000e-02  8.00000000e-02 
 8.10000000e-02  6.98147031e-01  8.10000000e-02  8.10000000e-02 
 8.20000000e-02  6.98096922e-01  8.20000000e-02  8.20000000e-02 
 8.30000000e-02  6.98045508e-01  8.30000000e-02  8.30000000e-02 
 8.40000000e-02  6.97992761e-01  8.40000000e-02  8.40000000e-02 
 8.50000000e-02  6.97938648e-01  8.50000000e-02  8.50000000e-02 
 8.60000000e-02  6.97883138e-01  8.60000000e-02  8.60000000e-02 
 8.70000000e-02  6.97826200e-01  8.70000000e-02  8.70000000e-02 
 8.80000000e-02  6.97767800e-01  8.80000000e-02  8.80000000e-02 
 8.90000000e-02  6.97707905e-01  8.90000000e-02  8.90000000e-02 
 9.00000000e-02  6.97646483e-01  9.00000000e-02  9.00000000e-02 
 9.10000000e-02  6.97583499e-01  9.10000000e-02  9.10000000e-02 
 9.20000000e-02  6.97518918e-01  9.20000000e-02  9.20000000e-02 
 9.30000000e-02  6.97452706e-01  9.30000000e-02  9.30000000e-02 
 9.40000000e-02  6.97384827e-01  9.40000000e-02  9.40000000e-02 
 9.50000000e-02  6.97315244e-01  9.50000000e-02  9.50000000e-02 
 9.60000000e-02  6.97243922e-01  9.60000000e-02  9.60000000e-02 
 9.70000000e-02  6.97170824e-01  9.70000000e-02  9.70000000e-02 
 9.80000000e-02  6.97095911e-01  9.80000000e-02  9.80000000e-02 
 9.90000000e-02  6.97019147e-01  9.90000000e-02  9.90000000e-02 
 1.00000000e-01  6.96940493e-01  1.00000000e-01  1.00000000e-01 
 1.01000000e-01  6.96859910e-01  1.01000000e-01  1.01000000e-01 
 1.02000000e-01  6.96777358e-01  1.02000000e-01  1.02000000e-01 
 1.03000000e-01  6.96692799e-01  1.03000000e-01  1.03000000e-01 
 1.04000000e-01  6.96606193e-01  1.04000000e-01  1.04000000e-01 
 1.05000000e-01  6.96517498e-01  1.05000000e-01  1.05000000e-01 
 1.06000000e-01  6.96426675e-01  1.06000000e-01  1.06000000e-01 
 1.07000000e-01  6.96333682e-01  1.07000000e-01  1.07000000e-01 
 1.08000000e-01  6.96238477e-01  1.08000000e-01  1.08000000e-01 
 1.09000000e-01  6.96141020e-01  1.09000000e-01  1.09000000e-01 
 1.10000000e-01  6.96041267e-01  1.10000000e-01  1.10000000e-01 
 1.11000000e-01  6.95939176e-01  1.11000000e-01  1.11000000e-01 
 1.12000000e-01  6.95834704e-01  1.12000000e-01  1.12000000e-01 
 1.13000000e-01  6.95727809e-01  1.13000000e-01  1.13000000e-01 
 1.14000000e-01  6.95618447e-01  1.14000000e-01  1.14000000e-01 
 1.15000000e-01  6.95506575e-01  1.15000000e-01  1.15000000e-01 
 1.16000000e-01  6.95392148e-01  1.16000000e-01  1.16000000e-01 
 1.17000000e-01  6.95275122e-01  1.17000000e-01  1.17000000e-01 
 1.18000000e-01  6.95155454e-01  1.18000000e-01  1.18000000e-01 
 1.19000000e-01  6.95033099e-01  1.19000000e-01  1.19000000e-01 
 1.20000000e-01  6.94908012e-01  1.20000000e-01  1.20000000e-01 
 1.21000000e-01  6.94780148e-01  1.21000000e-01  1.21000000e-01 
 1.22000000e-01  6.94649463e-01  1.22000000e-01  1.22000000e-01 
 1.23000000e-01  6.94515911e-01  1.23000000e-01  1.23000000e-01 
 1.24000000e-01  6.94379447e-01  1.24000000e-01  1.24000000e-01 
 1.25000000e-01  6.94240027e-01  1.25000000e-01  1.25000000e-01 
 1.26000000e-01  6.94097603e-01  1.26000000e-01  1.26000000e-01 
 1.27000000e-01  6.93952133e-01  1.27000000e-01  1.27000000e-01 
 1.28000000e-01  6.93803569e-01  1.28000000e-01  1.28000000e-01 
 1.29000000e-01  6.93651866e-01  1.29000000e-01  1.29000000e-01 
 1.30000000e-01  6.93496979e-01  1.30000000e-01  1.30000000e-01 
 1.31000000e-01  6.93338864e-01  1.31000000e-01  1.31000000e-01 
 1.32000000e-01  6.93177473e-01  1.32000000e-01  1.32000000e-01 
 1.33000000e-01  6.93012763e-01  1.33000000e-01  1.33000000e-01 
 1.34000000e-01  6.92844687e-01  1.34000000e-01  1.34000000e-01 
 1.35000000e-01  6.92673202e-01  1.35000000e-01  1.35000000e-01 
 1.36000000e-01  6.92498261e-01  1.36000000e-01  1.36000000e-01 
 1.37000000e-01  6.92319820e-01  1.37000000e-01  1.37000000e-01 
 1.38000000e-01  6.92137835e-01  1.38000000e-01  1.38000000e-01 
 1.39000000e-01  6.91952261e-01  1.39000000e-01  1.39000000e-01 
 1.40000000e-01  6.91763053e-01  1.40000000e-01  1.40000000e-01 
 1.41000000e-01  6.91570168e-01  1.41000000e-01  1.41000000e-01 
 1.42000000e-01  6.91373561e-01  1.42000000e-01  1.42000000e-01 
 1.43000000e-01  6.91173189e-01  1.43000000e-01  1.43000000e-01 
 1.44000000e-01  6.90969009e-01  1.44000000e-01  1.44000000e-01 
 1.45000000e-01  6.90760977e-01  1.45000000e-01  1.45000000e-01 
 1.46000000e-01  6.90549050e-01  1.46000000e-01  1.46000000e-01 
 1.47000000e-01  6.90333186e-01  1.47000000e-01  1.47000000e-01 
 1.48000000e-01  6.90113342e-01  1.48000000e-01  1.48000000e-01 
 1.49000000e-01  6.89889476e-01  1.49000000e-01  1.49000000e-01 
 1.50000000e-01  6.89661546e-01  1.50000000e-01  1.50000000e-01 
 1.51000000e-01  6.89429511e-01  1.51000000e-01  1.51000000e-01 
 1.52000000e-01  6.89193330e-01  1.52000000e-01  1.52000000e-01 
 1.53000000e-01  6.88952961e-01  1.53000000e-01  1.53000000e-01 
 1.54000000e-01  6.88708365e-01  1.54000000e-01  1.54000000e-01 
 1.55000000e-01  6.88459500e-01  1.55000000e-01  1.55000000e-01 
 1.56000000e-01  6.88206326e-01  1.56000000e-01  1.56000000e-01 
 1.57000000e-01  6.87948805e-01  1.57000000e-01  1.57000000e-01 
 1.58000000e-01  6.87686896e-01  1.58000000e-01  1.58000000e-01 
 1.59000000e-01  6.87420561e-01  1.59000000e-01  1.59000000e-01 
 1.60000000e-01  6.87149760e-01  1.60000000e-01  1.60000000e-01 
 1.61000000e-01  6.86874455e-01  1.61000000e-01  1.61000000e-01 
 1.62000000e-01  6.86594609e-01  1.62000000e-01  1.62000000e-01 
 1.63000000e-01  6.86310182e-01  1.63000000e-01  1.63000000e-01 
 1.64000000e-01  6.86021137e-01  1.64000000e-01  1.64000000e-01 
 1.65000000e-01  6.85727436e-01  1.65000000e-01  1.65000000e-01 
 1.66000000e-01  6.85429043e-01  1.66000000e-01  1.66000000e-01 
 1.67000000e-01  6.85125920e-01  1.67000000e-01  1.67000000e-01 
 1.68000000e-01  6.84818031e-01  1.68000000e-01  1.68000000e-01 
 1.69000000e-01  6.84505339e-01  1.69000000e-01  1.69000000e-01 
 1.70000000e-01  6.84187807e-01  1.70000000e-01  1.70000000e-01 
 1.71000000e-01  6.83865398e-01  1.71000000e-01  1.71000000e-01 
 1.72000000e-01  6.83538078e-01  1.72000000e-01  1.72000000e-01 
 1.73000000e-01  6.83205810e-01  1.73000000e-01  1.73000000e-01 
 1.74000000e-01  6.82868557e-01  1.74000000e-01  1.74000000e-01 
 1.75000000e-01  6.82526284e-01  1.75000000e-01  1.75000000e-01 
 1.76000000e-01  6.82178954e-01  1.76000000e-01  1.76000000e-01 
 1.77000000e-01  6.81826533e-01  1.77000000e-01  1.77000000e-01 
 1.78000000e-01  6.81468984e-01  1.78000000e-01  1.78000000e-01 
 1.79000000e-01  6.81106271e-01  1.79000000e-01  1.79000000e-01 
 1.80000000e-01  6.80738358e-01  1.80000000e-01  1.80000000e-01 
 1.81000000e-01  6.80365208e-01  1.81000000e-01  1.81000000e-01 
 1.82000000e-01  6.79986787e-01  1.82000000e-01  1.82000000e-01 
 1.83000000e-01  6.79603057e-01  1.83000000e-01  1.83000000e-01 
 1.84000000e-01  6.79213981e-01  1.84000000e-01  1.84000000e-01 
 1.85000000e-01  6.78819523e-01  1.85000000e-01  1.85000000e-01 
 1.86000000e-01  6.78419646e-01  1.86000000e-01  1.86000000e-01 
 1.87000000e-01  6.78014313e-01  1.87000000e-01  1.87000000e-01 
 1.88000000e-01  6.77603485e-01  1.88000000e-01  1.88000000e-01 
 1.89000000e-01  6.77187125e-01  1.89000000e-01  1.89000000e-01 
 1.90000000e-01  6.76765194e-01  1.90000000e-01  1.90000000e-01 
 1.91000000e-01  6.76337653e-01  1.91000000e-01  1.91000000e-01 
 1.92000000e-01  6.75904464e-01  1.92000000e-01  1.92000000e-01 
 1.93000000e-01  6.75465586e-01  1.93000000e-01  1.93000000e-01 
 1.94000000e-01  6.75020979e-01  1.94000000e-01  1.94000000e-01 
 1.95000000e-01  6.74570602e-01  1.95000000e-01  1.95000000e-01 
 1.96000000e-01  6.74114414e-01  1.96000000e-01  1.96000000e-01 
 1.97000000e-01  6.73652371e-01  1.97000000e-01  1.97000000e-01 
 1.98000000e-01  6.73184432e-01  1.98000000e-01  1.98000000e-01 
 1.99000000e-01  6.72710552e-01  1.99000000e-01  1.99000000e-01 
 2.00000000e-01  6.72230687e-01  2.00000000e-01  2.00000000e-01 
 2.01000000e-01  6.71744792e-01  2.01000000e-01  2.01000000e-01 
 2.02000000e-01  6.71252819e-01  2.02000000e-01  2.02000000e-01 
 2.03000000e-01  6.70754723e-01  2.03000000e-01  2.03000000e-01 
 2.04000000e-01  6.70250454e-01  2.04000000e-01  2.04000000e-01 
 2.05000000e-01  6.69739963e-01  2.05000000e-01  2.05000000e-01 
 2.06000000e-01  6.69223200e-01  2.06000000e-01  2.06000000e-01 
 2.07000000e-01  6.68700114e-01  2.07000000e-01  2.07000000e-01 
 2.08000000e-01  6.68170650e-01  2.08000000e-01  2.08000000e-01 
 2.09000000e-01  6.67634756e-01  2.09000000e-01  2.09000000e-01 
 2.10000000e-01  6.67092376e-01  2.10000000e-01  2.10000000e-01 
 2.11000000e-01  6.66543453e-01  2.11000000e-01  2.11000000e-01 
 2.12000000e-01  6.65987928e-01  2.12000000e-01  2.12000000e-01 
 2.13000000e-01  6.65425742e-01  2.13000000e-01  2.13000000e-01 
 2.14000000e-01  6.64856833e-01  2.14000000e-01  2.14000000e-01 
 2.15000000e-01  6.64281138e-01  2.15000000e-01  2.15000000e-01 
 2.16000000e-01  6.63698592e-01  2.16000000e-01  2.16000000e-01 
 2.17000000e-01  6.63109129e-01  2.17000000e-01  2.17000000e-01 
 2.18000000e-01  6.62512679e-01  2.18000000e-01  2.18000000e-01 
 2.19000000e-01  6.61909173e-01  2.19000000e-01  2.19000000e-01 
 2.20000000e-01  6.61298537e-01  2.20000000e-01  2.20000000e-01 
 2.21000000e-01  6.60680697e-01  2.21000000e-01  2.21000000e-01 
 2.22000000e-01  6.60055576e-01  2.22000000e-01  2.22000000e-01 
 2.23000000e-01  6.59423094e-01  2.23000000e-01  2.23000000e-01 
 2.24000000e-01  6.58783169e-01  2.24000000e-01  2.24000000e-01 
 2.25000000e-01  6.58135718e-01  2.25000000e-01  2.25000000e-01 
 2.26000000e-01  6.57480653e-01  2.26000000e-01  2.26000000e-01 
 2.27000000e-01  6.56817885e-01  2.27000000e-01  2.27000000e-01 
 2.28000000e-01  6.56147321e-01  2.28000000e-01  2.28000000e-01 
 2.29000000e-01  6.55468866e-01  2.29000000e-01  2.29000000e-01 
 2.30000000e-01  6.54782421e-01  2.30000000e-01  2.30000000e-01 
 2.31000000e-01  6.54087885e-01  2.31000000e-01  2.31000000e-01 
 2.32000000e-01  6.53385152e-01  2.32000000e-01  2.32000000e-01 
 2.33000000e-01  6.52674115e-01  2.33000000e-01  2.33000000e-01 
 2.34000000e-01  6.51954660e-01  2.34000000e-01  2.34000000e-01 
 2.35000000e-01  6.51226673e-01  2.35000000e-01  2.35000000e-01 
 2.36000000e-01  6.50490033e-01  2.36000000e-01  2.36000000e-01 
 2.37000000e-01  6.49744616e-01  2.37000000e-01  2.37000000e-01 
 2.38000000e-01  6.48990296e-01  2.38000000e-01  2.38000000e-01 
 2.39000000e-01  6.48226938e-01  2.39000000e-01  2.39000000e-01 
 2.40000000e-01  6.47454407e-01  2.40000000e-01  2.40000000e-01 
 2.41000000e-01  6.46672561e-01  2.41000000e-01  2.41000000e-01 
 2.42000000e-01  6.45881253e-01  2.42000000e-01  2.42000000e-01 
 2.43000000e-01  6.45080331e-01  2.43000000e-01  2.43000000e-01 
 2.44000000e-01  6.44269638e-01  2.44000000e-01  2.44000000e-01 
 2.45000000e-01  6.43449011e-01  2.45000000e-01  2.45000000e-01 
 2.46000000e-01  6.42618282e-01  2.46000000e-01  2.46000000e-01 
 2.47000000e-01  6.41777275e-01  2.47000000e-01  2.47000000e-01 
 2.48000000e-01  6.40925811e-01  2.48000000e-01  2.48000000e-01 
 2.49000000e-01  6.40063701e-01  2.49000000e-01  2.49000000e-01 
 2.50000000e-01  6.39190750e-01  2.50000000e-01  2.50000000e-01 
 2.51000000e-01  6.38306758e-01  2.51000000e-01  2.51000000e-01 
 2.52000000e-01  6.37411514e-01  2.52000000e-01  2.52000000e-01 
 2.53000000e-01  6.36504802e-01  2.53000000e-01  2.53000000e-01 
 2.54000000e-01  6.35586397e-01  2.54000000e-01  2.54000000e-01 
 2.55000000e-01  6.34656064e-01  2.55000000e-01  2.55000000e-01 
 2.56000000e-01  6.33713562e-01  2.56000000e-01  2.56000000e-01 
 2.57000000e-01  6.32758639e-01  2.57000000e-01  2.57000000e-01 
 2.58000000e-01  6.31791032e-01  2.58000000e-01  2.58000000e-01 
 2.59000000e-01  6.30810471e-01  2.59000000e-01  2.59000000e-01 
 2.60000000e-01  6.29816672e-01  2.60000000e-01  2.60000000e-01 
 2.61000000e-01  6.28809343e-01  2.61000000e-01  2.61000000e-01 
 2.62000000e-01  6.27788179e-01  2.62000000e-01  2.62000000e-01 
 2.63000000e-01  6.26752862e-01  2.63000000e-01  2.63000000e-01 
 2.64000000e-01  6.25703064e-01  2.64000000e-01  2.64000000e-01 
 2.65000000e-01  6.24638440e-01  2.65000000e-01  2.65000000e-01 
 2.66000000e-01  6.23558636e-01  2.66000000e-01  2.66000000e-01 
 2.67000000e-01  6.22463278e-01  2.67000000e-01  2.67000000e-01 
 2.68000000e-01  6.21351982e-01  2.68000000e-01  2.68000000e-01 
 2.69000000e-01  6.20224345e-01  2.69000000e-01  2.69000000e-01 
 2.70000000e-01  6.19079947e-01  2.70000000e-01  2.70000000e-01 
 2.71000000e-01  6.17918354e-01  2.71000000e-01  2.71000000e-01 
 2.72000000e-01  6.16739110e-01  2.72000000e-01  2.72000000e-01 
 2.73000000e-01  6.15541741e-01  2.73000000e-01  2.73000000e-01 
 2.74000000e-01  6.14325755e-01  2.74000000e-01  2.74000000e-01 
 2.75000000e-01  6.13090638e-01  2.75000000e-01  2.75000000e-01 
 2.76000000e-01  6.11835851e-01  2.76000000e-01  2.76000000e-01 
 2.77000000e-01  6.10560837e-01  2.77000000e-01  2.77000000e-01 
 2.78000000e-01  6.09265011e-01  2.78000000e-01  2.78000000e-01 
 2.79000000e-01  6.07947764e-01  2.79000000e-01  2.79000000e-01 
 2.80000000e-01  6.06608462e-01  2.80000000e-01  2.80000000e-01 
 2.81000000e-01  6.05246440e-01  2.81000000e-01  2.81000000e-01 
 2.82000000e-01  6.03861006e-01  2.82000000e-01  2.82000000e-01 
 2.83000000e-01  6.02451438e-01  2.83000000e-01  2.83000000e-01 
 2.84000000e-01  6.01016979e-01  2.84000000e-01  2.84000000e-01 
 2.85000000e-01  5.99556841e-01  2.85000000e-01  2.85000000e-01 
 2.86000000e-01  5.98070199e-01  2.86000000e-01  2.86000000e-01 
 2.87000000e-01  5.96556192e-01  2.87000000e-01  2.87000000e-01 
 2.88000000e-01  5.95013919e-01  2.88000000e-01  2.88000000e-01 
 2.89000000e-01  5.93442440e-01  2.89000000e-01  2.89000000e-01 
 2.90000000e-01  5.91840770e-01  2.90000000e-01  2.90000000e-01 
 2.91000000e-01  5.90207881e-01  2.91000000e-01  2.91000000e-01 
 2.92000000e-01  5.88542695e-01  2.92000000e-01  2.92000000e-01 
 2.93000000e-01  5.86844089e-01  2.93000000e-01  2.93000000e-01 
 2.94000000e-01  5.85110884e-01  2.94000000e-01  2.94000000e-01 
 2.95000000e-01  5.83341849e-01  2.95000000e-01  2.95000000e-01 
 2.96000000e-01  5.81535697e-01  2.96000000e-01  2.96000000e-01 
 2.97000000e-01  5.79691079e-01  2.97000000e-01  2.97000000e-01 
 2.98000000e-01  5.77806585e-01  2.98000000e-01  2.98000000e-01 
 2.99000000e-01  5.75880740e-01  2.99000000e-01  2.99000000e-01 
 3.00000000e-01  5.73912001e-01  3.00000000e-01  3.00000000e-01 
 3.01000000e-01  5.71898754e-01  3.01000000e-01  3.01000000e-01 
 3.02000000e-01  5.69839311e-01  3.02000000e-01  3.02000000e-01 
 3.03000000e-01  5.67731906e-01  3.03000000e-01  3.03000000e-01 
 3.04000000e-01  5.65574694e-01  3.04000000e-01  3.04000000e-01 
 3.05000000e-01  5.63365746e-01  3.05000000e-01  3.05000000e-01 
 3.06000000e-01  5.61103047e-01  3.06000000e-01  3.06000000e-01 
 3.07000000e-01  5.58784496e-01  3.07000000e-01  3.07000000e-01 
 3.08000000e-01  5.56407896e-01  3.08000000e-01  3.08000000e-01 
 3.09000000e-01  5.53970962e-01  3.09000000e-01  3.09000000e-01 
 3.10000000e-01  5.51471309e-01  3.10000000e-01  3.10000000e-01 
 3.11000000e-01  5.48906462e-01  3.11000000e-01  3.11000000e-01 
 3.12000000e-01  5.46273847e-01  3.12000000e-01  3.12000000e-01 
 3.13000000e-01  5.43570795e-01  3.13000000e-01  3.13000000e-01 
 3.14000000e-01  5.40794547e-01  3.14000000e-01  3.14000000e-01 
 3.15000000e-01  5.37942254e-01  3.15000000e-01  3.15000000e-01 
 3.16000000e-01  5.35010985e-01  3.16000000e-01  3.16000000e-01 
 3.17000000e-01  5.31997736e-01  3.17000000e-01  3.17000000e-01 
 3.18000000e-01  5.28899439e-01  3.18000000e-01  3.18000000e-01 
 3.19000000e-01  5.25712978e-01  3.19000000e-01  3.19000000e-01 
 3.20000000e-01  5.22435205e-01  3.20000000e-01  3.20000000e-01 
 3.21000000e-01  5.19062967e-01  3.21000000e-01  3.21000000e-01 
 3.22000000e-01  5.15593124e-01  3.22000000e-01  3.22000000e-01 
 3.23000000e-01  5.12022589e-01  3.23000000e-01  3.23000000e-01 
 3.24000000e-01  5.08348359e-01  3.24000000e-01  3.24000000e-01 
 3.25000000e-01  5.04567559e-01  3.25000000e-01  3.25000000e-01 
 3.26000000e-01  5.00677489e-01  3.26000000e-01  3.26000000e-01 
 3.27000000e-01  4.96675662e-01  3.27000000e-01  3.27000000e-01 
 3.28000000e-01  4.92559860e-01  3.28000000e-01  3.28000000e-01 
 3.29000000e-01  4.88328192e-01  3.29000000e-01  3.29000000e-01 
 3.30000000e-01  4.83979151e-01  3.30000000e-01  3.30000000e-01 
 3.31000000e-01  4.79511675e-01  3.31000000e-01  3.31000000e-01 
 3.32000000e-01  4.74925201e-01  3.32000000e-01  3.32000000e-01 
 3.33000000e-01  4.70219715e-01  3.33000000e-01  3.33000000e-01 
 3.34000000e-01  4.65395807e-01  3.34000000e-01  3.34000000e-01 
 3.35000000e-01  4.60454722e-01  3.35000000e-01  3.35000000e-01 
 3.36000000e-01  4.55398401e-01  3.36000000e-01  3.36000000e-01 
 3.37000000e-01  4.50229526e-01  3.37000000e-01  3.37000000e-01 
 3.38000000e-01  4.44951561e-01  3.38000000e-01  3.38000000e-01 
 3.39000000e-01  4.39568775e-01  3.39000000e-01  3.39000000e-01 
 3.40000000e-01  4.34086276e-01  3.40000000e-01  3.40000000e-01 
 3.41000000e-01  4.28510011e-01  3.41000000e-01  3.41000000e-01 
 3.42000000e-01  4.22846769e-01  3.42000000e-01  3.42000000e-01 
 3.43000000e-01  4.17104158e-01  3.43000000e-01  3.43000000e-01 
 3.44000000e-01  4.11290566e-01  3.44000000e-01  3.44000000e-01 
 3.45000000e-01  4.05415104e-01  3.45000000e-01  3.45000000e-01 
 3.46000000e-01  3.99487530e-01  3.46000000e-01  3.46000000e-01 
 3.47000000e-01  3.93518170e-01  3.47000000e-01  3.47000000e-01 
 3.48000000e-01  3.87517814e-01  3.48000000e-01  3.48000000e-01 
 3.49000000e-01  3.81497627e-01  3.49000000e-01  3.49000000e-01 
 3.50000000e-01  3.75469042e-01  3.50000000e-01  3.50000000e-01 
 3.51000000e-01  3.69443658e-01  3.51000000e-01  3.51000000e-01 
 3.52000000e-01  3.63433146e-01  3.52000000e-01  3.52000000e-01 
 3.53000000e-01  3.57449142e-01  3.53000000e-01  3.53000000e-01 
 3.54000000e-01  3.51503149e-01  3.54000000e-01  3.54000000e-01 
 3.55000000e-01  3.45606432e-01  3.55000000e-01  3.55000000e-01 
 3.56000000e-01  3.39769912e-01  3.56000000e-01  3.56000000e-01 
 3.57000000e-01  3.34004055e-01  3.57000000e-01  3.57000000e-01 
 3.58000000e-01  3.28318757e-01  3.58000000e-01  3.58000000e-01 
 3.59000000e-01  3.22723237e-01  3.59000000e-01  3.59000000e-01 
 3.60000000e-01  3.17225923e-01  3.60000000e-01  3.60000000e-01 
 3.61000000e-01  3.11834353e-01  3.61000000e-01  3.61000000e-01 
 3.62000000e-01  3.06555086e-01  3.62000000e-01  3.62000000e-01 
 3.63000000e-01  3.01393632e-01  3.63000000e-01  3.63000000e-01 
 3.64000000e-01  2.96354401e-01  3.64000000e-01  3.64000000e-01 
 3.65000000e-01  2.91440683e-01  3.65000000e-01  3.65000000e-01 
 3.66000000e-01  2.86654650e-01  3.66000000e-01  3.66000000e-01 
 3.67000000e-01  2.81997387e-01  3.67000000e-01  3.67000000e-01 
 3.68000000e-01  2.77468951e-01  3.68000000e-01  3.68000000e-01 
 3.69000000e-01  2.73068450e-01  3.69000000e-01  3.69000000e-01 
 3.70000000e-01  2.68794140e-01  3.70000000e-01  3.70000000e-01 
 3.71000000e-01  2.64643534e-01  3.71000000e-01  3.71000000e-01 
 3.72000000e-01  2.60613521e-01  3.72000000e-01  3.72000000e-01 
 3.73000000e-01  2.56700478e-01  3.73000000e-01  3.73000000e-01 
 3.74000000e-01  2.52900382e-01  3.74000000e-01  3.74000000e-01 
 3.75000000e-01  2.49208927e-01  3.75000000e-01  3.75000000e-01 
 3.76000000e-01  2.45621627e-01  3.76000000e-01  3.76000000e-01 
 3.77000000e-01  2.42133909e-01  3.77000000e-01  3.77000000e-01 
 3.78000000e-01  2.38741182e-01  3.78000000e-01  3.78000000e-01 
 3.79000000e-01  2.35438911e-01  3.79000000e-01  3.79000000e-01 
 3.80000000e-01  2.32222661e-01  3.80000000e-01  3.80000000e-01 
 3.81000000e-01  2.29088150e-01  3.81000000e-01  3.81000000e-01 
 3.82000000e-01  2.26031274e-01  3.82000000e-01  3.82000000e-01 
 3.83000000e-01  2.23048133e-01  3.83000000e-01  3.83000000e-01 
 3.84000000e-01  2.20135045e-01  3.84000000e-01  3.84000000e-01 
 3.85000000e-01  2.17288554e-01  3.85000000e-01  3.85000000e-01 
 3.86000000e-01  2.14505435e-01  3.86000000e-01  3.86000000e-01 
 3.87000000e-01  2.11782687e-01  3.87000000e-01  3.87000000e-01 
 3.88000000e-01  2.09117527e-01  3.88000000e-01  3.88000000e-01 
 3.89000000e-01  2.06507382e-01  3.89000000e-01  3.89000000e-01 
 3.90000000e-01  2.03949877e-01  3.90000000e-01  3.90000000e-01 
 3.91000000e-01  2.01442818e-01  3.91000000e-01  3.91000000e-01 
 3.92000000e-01  1.98984183e-01  3.92000000e-01  3.92000000e-01 
 3.93000000e-01  1.96572102e-01  3.93000000e-01  3.93000000e-01 
 3.94000000e-01  1.94204843e-01  3.94000000e-01  3.94000000e-01 
 3.95000000e-01  1.91880801e-01  3.95000000e-01  3.95000000e-01 
 3.96000000e-01  1.89598480e-01  3.96000000e-01  3.96000000e-01 
 3.97000000e-01  1.87356482e-01  3.97000000e-01  3.97000000e-01 
 3.98000000e-01  1.85153497e-01  3.98000000e-01  3.98000000e-01 
 3.99000000e-01  1.82988290e-01  3.99000000e-01  3.99000000e-01 
 4.00000000e-01  1.80859693e-01  4.00000000e-01  4.00000000e-01 
 4.01000000e-01  1.78766597e-01  4.01000000e-01  4.01000000e-01 
 4.02000000e-01  1.76707945e-01  4.02000000e-01  4.02000000e-01 
 4.03000000e-01  1.74682724e-01  4.03000000e-01  4.03000000e-01 
 4.04000000e-01  1.72689964e-01  4.04000000e-01  4.04000000e-01 
 4.05000000e-01  1.70728734e-01  4.05000000e-01  4.05000000e-01 
 4.06000000e-01  1.68798132e-01  4.06000000e-01  4.06000000e-01 
 4.07000000e-01  1.66897292e-01  4.07000000e-01  4.07000000e-01 
 4.08000000e-01  1.65025373e-01  4.08000000e-01  4.08000000e-01 
 4.09000000e-01  1.63181566e-01  4.09000000e-01  4.09000000e-01 
 4.10000000e-01  1.61365083e-01  4.10000000e-01  4.10000000e-01 
 4.11000000e-01  1.59575166e-01  4.11000000e-01  4.11000000e-01 
 4.12000000e-01  1.57811077e-01  4.12000000e-01  4.12000000e-01 
 4.13000000e-01  1.56072104e-01  4.13000000e-01  4.13000000e-01 
 4.14000000e-01  1.54357557e-01  4.14000000e-01  4.14000000e-01 
 4.15000000e-01  1.52666768e-01  4.15000000e-01  4.15000000e-01 
 4.16000000e-01  1.50999092e-01  4.16000000e-01  4.16000000e-01 
 4.17000000e-01  1.49353905e-01  4.17000000e-01  4.17000000e-01 
 4.18000000e-01  1.47730602e-01  4.18000000e-01  4.18000000e-01 
 4.19000000e-01  1.46128602e-01  4.19000000e-01  4.19000000e-01 
 4.20000000e-01  1.44547341e-01  4.20000000e-01  4.20000000e-01 
 4.21000000e-01  1.42986277e-01  4.21000000e-01  4.21000000e-01 
 4.22000000e-01  1.41444885e-01  4.22000000e-01  4.22000000e-01 
 4.23000000e-01  1.39922660e-01  4.23000000e-01  4.23000000e-01 
 4.24000000e-01  1.38419115e-01  4.24000000e-01  4.24000000e-01 
 4.25000000e-01  1.36933781e-01  4.25000000e-01  4.25000000e-01 
 4.26000000e-01  1.35466204e-01  4.26000000e-01  4.26000000e-01 
 4.27000000e-01  1.34015949e-01  4.27000000e-01  4.27000000e-01 
 4.28000000e-01  1.32582596e-01  4.28000000e-01  4.28000000e-01 
 4.29000000e-01  1.31165742e-01  4.29000000e-01  4.29000000e-01 
 4.30000000e-01  1.29764996e-01  4.30000000e-01  4.30000000e-01 
 4.31000000e-01  1.28379984e-01  4.31000000e-01  4.31000000e-01 
 4.32000000e-01  1.27010345e-01  4.32000000e-01  4.32000000e-01 
 4.33000000e-01  1.25655731e-01  4.33000000e-01  4.33000000e-01 
 4.34000000e-01  1.24315810e-01  4.34000000e-01  4.34000000e-01 
 4.35000000e-01  1.22990257e-01  4.35000000e-01  4.35000000e-01 
 4.36000000e-01  1.21678765e-01  4.36000000e-01  4.36000000e-01 
 4.37000000e-01  1.20381033e-01  4.37000000e-01  4.37000000e-01 
 4.38000000e-01  1.19096775e-01  4.38000000e-01  4.38000000e-01 
 4.39000000e-01  1.17825714e-01  4.39000000e-01  4.39000000e-01 
 4.40000000e-01  1.16567583e-01  4.40000000e-01  4.40000000e-01 
 4.41000000e-01  1.15322126e-01  4.41000000e-01  4.41000000e-01 
 4.42000000e-01  1.14089094e-01  4.42000000e-01  4.42000000e-01 
 4.43000000e-01  1.12868251e-01  4.43000000e-01  4.43000000e-01 
 4.44000000e-01  1.11659365e-01  4.44000000e-01  4.44000000e-01 
 4.45000000e-01  1.10462216e-01  4.45000000e-01  4.45000000e-01 
 4.46000000e-01  1.09276590e-01  4.46000000e-01  4.46000000e-01 
 4.47000000e-01  1.08102281e-01  4.47000000e-01  4.47000000e-01 
 4.48000000e-01  1.06939090e-01  4.48000000e-01  4.48000000e-01 
 4.49000000e-01  1.05786825e-01  4.49000000e-01  4.49000000e-01 
 4.50000000e-01  1.04645302e-01  4.50000000e-01  4.50000000e-01 
 4.51000000e-01  1.03514343e-01  4.51000000e-01  4.51000000e-01 
 4.52000000e-01  1.02393774e-01  4.52000000e-01  4.52000000e-01 
 4.53000000e-01  1.01283430e-01  4.53000000e-01  4.53000000e-01 
 4.54000000e-01  1.00183149e-01  4.54000000e-01  4.54000000e-01 
 4.55000000e-01  9.90927767e-02  4.55000000e-01  4.55000000e-01 
 4.56000000e-01  9.80121629e-02  4.56000000e-01  4.56000000e-01 
 4.57000000e-01  9.69411626e-02  4.57000000e-01  4.57000000e-01 
 4.58000000e-01  9.58796355e-02  4.58000000e-01  4.58000000e-01 
 4.59000000e-01  9.48274461e-02  4.59000000e-01  4.59000000e-01 
 4.60000000e-01  9.37844632e-02  4.60000000e-01  4.60000000e-01 
 4.61000000e-01  9.27505602e-02  4.61000000e-01  4.61000000e-01 
 4.62000000e-01  9.17256142e-02  4.62000000e-01  4.62000000e-01 
 4.63000000e-01  9.07095065e-02  4.63000000e-01  4.63000000e-01 
 4.64000000e-01  8.97021221e-02  4.64000000e-01  4.64000000e-01 
 4.65000000e-01  8.87033497e-02  4.65000000e-01  4.65000000e-01 
 4.66000000e-01  8.77130817e-02  4.66000000e-01  4.66000000e-01 
 4.67000000e-01  8.67312134e-02  4.67000000e-01  4.67000000e-01 
 4.68000000e-01  8.57576438e-02  4.68000000e-01  4.68000000e-01 
 4.69000000e-01  8.47922749e-02  4.69000000e-01  4.69000000e-01 
 4.70000000e-01  8.38350117e-02  4.70000000e-01  4.70000000e-01 
 4.71000000e-01  8.28857621e-02  4.71000000e-01  4.71000000e-01 
 4.72000000e-01  8.19444367e-02  4.72000000e-01  4.72000000e-01 
 4.73000000e-01  8.10109491e-02  4.73000000e-01  4.73000000e-01 
 4.74000000e-01  8.00852152e-02  4.74000000e-01  4.74000000e-01 
 4.75000000e-01  7.91671536e-02  4.75000000e-01  4.75000000e-01 
 4.76000000e-01  7.82566853e-02  4.76000000e-01  4.76000000e-01 
 4.77000000e-01  7.73537334e-02  4.77000000e-01  4.77000000e-01 
 4.78000000e-01  7.64582237e-02  4.78000000e-01  4.78000000e-01 
 4.79000000e-01  7.55700838e-02  4.79000000e-01  4.79000000e-01 
 4.80000000e-01  7.46892435e-02  4.80000000e-01  4.80000000e-01 
 4.81000000e-01  7.38156348e-02  4.81000000e-01  4.81000000e-01 
 4.82000000e-01  7.29491915e-02  4.82000000e-01  4.82000000e-01 
 4.83000000e-01  7.20898493e-02  4.83000000e-01  4.83000000e-01 
 4.84000000e-01  7.12375458e-02  4.84000000e-01  4.84000000e-01 
 4.85000000e-01  7.03922203e-02  4.85000000e-01  4.85000000e-01 
 4.86000000e-01  6.95538139e-02  4.86000000e-01  4.86000000e-01 
 4.87000000e-01  6.87222693e-02  4.87000000e-01  4.87000000e-01 
 4.88000000e-01  6.78975309e-02  4.88000000e-01  4.88000000e-01 
 4.89000000e-01  6.70795445e-02  4.89000000e-01  4.89000000e-01 
 4.90000000e-01  6.62682576e-02  4.90000000e-01  4.90000000e-01 
 4.91000000e-01  6.54636189e-02  4.91000000e-01  4.91000000e-01 
 4.92000000e-01  6.46655787e-02  4.92000000e-01  4.92000000e-01 
 4.93000000e-01  6.38740887e-02  4.93000000e-01  4.93000000e-01 
 4.94000000e-01  6.30891017e-02  4.94000000e-01  4.94000000e-01 
 4.95000000e-01  6.23105720e-02  4.95000000e-01  4.95000000e-01 
 4.96000000e-01  6.15384550e-02  4.96000000e-01  4.96000000e-01 
 4.97000000e-01  6.07727075e-02  4.97000000e-01  4.97000000e-01 
 4.98000000e-01  6.00132871e-02  4.98000000e-01  4.98000000e-01 
 4.99000000e-01  5.92601530e-02  4.99000000e-01  4.99000000e-01 
 5.00000000e-01  5.85132650e-02  5.00000000e-01  5.00000000e-01 
 5.01000000e-01  5.77725844e-02  5.01000000e-01  5.01000000e-01 
 5.02000000e-01  5.70380732e-02  5.02000000e-01  5.02000000e-01 
 5.03000000e-01  5.63096946e-02  5.03000000e-01  5.03000000e-01 
 5.04000000e-01  5.55874126e-02  5.04000000e-01  5.04000000e-01 
 5.05000000e-01  5.48711922e-02  5.05000000e-01  5.05000000e-01 
 5.06000000e-01  5.41609994e-02  5.06000000e-01  5.06000000e-01 
 5.07000000e-01  5.34568009e-02  5.07000000e-01  5.07000000e-01 
 5.08000000e-01  5.27585644e-02  5.08000000e-01  5.08000000e-01 
 5.09000000e-01  5.20662583e-02  5.09000000e-01  5.09000000e-01 
 5.10000000e-01  5.13798519e-02  5.10000000e-01  5.10000000e-01 
 5.11000000e-01  5.06993151e-02  5.11000000e-01  5.11000000e-01 
 5.12000000e-01  5.00246188e-02  5.12000000e-01  5.12000000e-01 
 5.13000000e-01  4.93557344e-02  5.13000000e-01  5.13000000e-01 
 5.14000000e-01  4.86926341e-02  5.14000000e-01  5.14000000e-01 
 5.15000000e-01  4.80352907e-02  5.15000000e-01  5.15000000e-01 
 5.16000000e-01  4.73836777e-02  5.16000000e-01  5.16000000e-01 
 5.17000000e-01  4.67377692e-02  5.17000000e-01  5.17000000e-01 
 5.18000000e-01  4.60975400e-02  5.18000000e-01  5.18000000e-01 
 5.19000000e-01  4.54629652e-02  5.19000000e-01  5.19000000e-01 
 5.20000000e-01  4.48340208e-02  5.20000000e-01  5.20000000e-01 
 5.21000000e-01  4.42106832e-02  5.21000000e-01  5.21000000e-01 
 5.22000000e-01  4.35929293e-02  5.22000000e-01  5.22000000e-01 
 5.23000000e-01  4.29807365e-02  5.23000000e-01  5.23000000e-01 
 5.24000000e-01  4.23740827e-02  5.24000000e-01  5.24000000e-01 
 5.25000000e-01  4.17729462e-02  5.25000000e-01  5.25000000e-01 
 5.26000000e-01  4.11773058e-02  5.26000000e-01  5.26000000e-01 
 5.27000000e-01  4.05871408e-02  5.27000000e-01  5.27000000e-01 
 5.28000000e-01  4.00024308e-02  5.28000000e-01  5.28000000e-01 
 5.29000000e-01  3.94231558e-02  5.29000000e-01  5.29000000e-01 
 5.30000000e-01  3.88492962e-02  5.30000000e-01  5.30000000e-01 
 5.31000000e-01  3.82808326e-02  5.31000000e-01  5.31000000e-01 
 5.32000000e-01  3.77177461e-02  5.32000000e-01  5.32000000e-01 
 5.33000000e-01  3.71600182e-02  5.33000000e-01  5.33000000e-01 
 5.34000000e-01  3.66076304e-02  5.34000000e-01  5.34000000e-01 
 5.35000000e-01  3.60605647e-02  5.35000000e-01  5.35000000e-01 
 5.36000000e-01  3.55188033e-02  5.36000000e-01  5.36000000e-01 
 5.37000000e-01  3.49823286e-02  5.37000000e-01  5.37000000e-01 
 5.38000000e-01  3.44511234e-02  5.38000000e-01  5.38000000e-01 
 5.39000000e-01  3.39251705e-02  5.39000000e-01  5.39000000e-01 
 5.40000000e-01  3.34044530e-02  5.40000000e-01  5.40000000e-01 
 5.41000000e-01  3.28889541e-02  5.41000000e-01  5.41000000e-01 
 5.42000000e-01  3.23786573e-02  5.42000000e-01  5.42000000e-01 
 5.43000000e-01  3.18735461e-02  5.43000000e-01  5.43000000e-01 
 5.44000000e-01  3.13736043e-02  5.44000000e-01  5.44000000e-01 
 5.45000000e-01  3.08788156e-02  5.45000000e-01  5.45000000e-01 
 5.46000000e-01  3.03891640e-02  5.46000000e-01  5.46000000e-01 
 5.47000000e-01  2.99046335e-02  5.47000000e-01  5.47000000e-01 
 5.48000000e-01  2.94252082e-02  5.48000000e-01  5.48000000e-01 
 5.49000000e-01  2.89508721e-02  5.49000000e-01  5.49000000e-01 
 5.50000000e-01  2.84816094e-02  5.50000000e-01  5.50000000e-01 
 5.51000000e-01  2.80174044e-02  5.51000000e-01  5.51000000e-01 
 5.52000000e-01  2.75582411e-02  5.52000000e-01  5.52000000e-01 
 5.53000000e-01  2.71041039e-02  5.53000000e-01  5.53000000e-01 
 5.54000000e-01  2.66549768e-02  5.54000000e-01  5.54000000e-01 
 5.55000000e-01  2.62108440e-02  5.55000000e-01  5.55000000e-01 
 5.56000000e-01  2.57716895e-02  5.56000000e-01  5.56000000e-01 
 5.57000000e-01  2.53374974e-02  5.57000000e-01  5.57000000e-01 
 5.58000000e-01  2.49082517e-02  5.58000000e-01  5.58000000e-01 
 5.59000000e-01  2.44839360e-02  5.59000000e-01  5.59000000e-01 
 5.60000000e-01  2.40645343e-02  5.60000000e-01  5.60000000e-01 
 5.61000000e-01  2.36500300e-02  5.61000000e-01  5.61000000e-01 
 5.62000000e-01  2.32404068e-02  5.62000000e-01  5.62000000e-01 
 5.63000000e-01  2.28356479e-02  5.63000000e-01  5.63000000e-01 
 5.64000000e-01  2.24357364e-02  5.64000000e-01  5.64000000e-01 
 5.65000000e-01  2.20406554e-02  5.65000000e-01  5.65000000e-01 
 5.66000000e-01  2.16503878e-02  5.66000000e-01  5.66000000e-01 
 5.67000000e-01  2.12649160e-02  5.67000000e-01  5.67000000e-01 
 5.68000000e-01  2.08842225e-02  5.68000000e-01  5.68000000e-01 
 5.69000000e-01  2.05082896e-02  5.69000000e-01  5.69000000e-01 
 5.70000000e-01  2.01370990e-02  5.70000000e-01  5.70000000e-01 
 5.71000000e-01  1.97706325e-02  5.71000000e-01  5.71000000e-01 
 5.72000000e-01  1.94088716e-02  5.72000000e-01  5.72000000e-01 
 5.73000000e-01  1.90517973e-02  5.73000000e-01  5.73000000e-01 
 5.74000000e-01  1.86993906e-02  5.74000000e-01  5.74000000e-01 
 5.75000000e-01  1.83516319e-02  5.75000000e-01  5.75000000e-01 
 5.76000000e-01  1.80085017e-02  5.76000000e-01  5.76000000e-01 
 5.77000000e-01  1.76699797e-02  5.77000000e-01  5.77000000e-01 
 5.78000000e-01  1.73360456e-02  5.78000000e-01  5.78000000e-01 
 5.79000000e-01  1.70066788e-02  5.79000000e-01  5.79000000e-01 
 5.80000000e-01  1.66818580e-02  5.80000000e-01  5.80000000e-01 
 5.81000000e-01  1.63615620e-02  5.81000000e-01  5.81000000e-01 
 5.82000000e-01  1.60457688e-02  5.82000000e-01  5.82000000e-01 
 5.83000000e-01  1.57344563e-02  5.83000000e-01  5.83000000e-01 
 5.84000000e-01  1.54276020e-02  5.84000000e-01  5.84000000e-01 
 5.85000000e-01  1.51251829e-02  5.85000000e-01  5.85000000e-01 
 5.86000000e-01  1.48271757e-02  5.86000000e-01  5.86000000e-01 
 5.87000000e-01  1.45335565e-02  5.87000000e-01  5.87000000e-01 
 5.88000000e-01  1.42443012e-02  5.88000000e-01  5.88000000e-01 
 5.89000000e-01  1.39593852e-02  5.89000000e-01  5.89000000e-01 
 5.90000000e-01  1.36787835e-02  5.90000000e-01  5.90000000e-01 
 5.91000000e-01  1.34024706e-02  5.91000000e-01  5.91000000e-01 
 5.92000000e-01  1.31304206e-02  5.92000000e-01  5.92000000e-01 
 5.93000000e-01  1.28626072e-02  5.93000000e-01  5.93000000e-01 
 5.94000000e-01  1.25990035e-02  5.94000000e-01  5.94000000e-01 
 5.95000000e-01  1.23395823e-02  5.95000000e-01  5.95000000e-01 
 5.96000000e-01  1.20843159e-02  5.96000000e-01  5.96000000e-01 
 5.97000000e-01  1.18331761e-02  5.97000000e-01  5.97000000e-01 
 5.98000000e-01  1.15861343e-02  5.98000000e-01  5.98000000e-01 
 5.99000000e-01  1.13431614e-02  5.99000000e-01  5.99000000e-01 
 6.00000000e-01  1.11042278e-02  6.00000000e-01  6.00000000e-01 
 6.01000000e-01  1.08693035e-02  6.01000000e-01  6.01000000e-01 
 6.02000000e-01  1.06383580e-02  6.02000000e-01  6.02000000e-01 
 6.03000000e-01  1.04113603e-02  6.03000000e-01  6.03000000e-01 
 6.04000000e-01  1.01882790e-02  6.04000000e-01  6.04000000e-01 
 6.05000000e-01  9.96908207e-03  6.05000000e-01  6.05000000e-01 
 6.06000000e-01  9.75373727e-03  6.06000000e-01  6.06000000e-01 
 6.07000000e-01  9.54221172e-03  6.07000000e-01  6.07000000e-01 
 6.08000000e-01  9.33447213e-03  6.08000000e-01  6.08000000e-01 
 6.09000000e-01  9.13048475e-03  6.09000000e-01  6.09000000e-01 
 6.10000000e-01  8.93021539e-03  6.10000000e-01  6.10000000e-01 
 6.11000000e-01  8.73362941e-03  6.11000000e-01  6.11000000e-01 
 6.12000000e-01  8.54069173e-03  6.12000000e-01  6.12000000e-01 
 6.13000000e-01  8.35136685e-03  6.13000000e-01  6.13000000e-01 
 6.14000000e-01  8.16561883e-03  6.14000000e-01  6.14000000e-01 
 6.15000000e-01  7.98341133e-03  6.15000000e-01  6.15000000e-01 
 6.16000000e-01  7.80470759e-03  6.16000000e-01  6.16000000e-01 
 6.17000000e-01  7.62947047e-03  6.17000000e-01  6.17000000e-01 
 6.18000000e-01  7.45766244e-03  6.18000000e-01  6.18000000e-01 
 6.19000000e-01  7.28924559e-03  6.19000000e-01  6.19000000e-01 
 6.20000000e-01  7.12418164e-03  6.20000000e-01  6.20000000e-01 
 6.21000000e-01  6.96243198e-03  6.21000000e-01  6.21000000e-01 
 6.22000000e-01  6.80395767e-03  6.22000000e-01  6.22000000e-01 
 6.23000000e-01  6.64871941e-03  6.23000000e-01  6.23000000e-01 
 6.24000000e-01  6.49667763e-03  6.24000000e-01  6.24000000e-01 
 6.25000000e-01  6.34779245e-03  6.25000000e-01  6.25000000e-01 
 6.26000000e-01  6.20202372e-03  6.26000000e-01  6.26000000e-01 
 6.27000000e-01  6.05933102e-03  6.27000000e-01  6.27000000e-01 
 6.28000000e-01  5.91967372e-03  6.28000000e-01  6.28000000e-01 
 6.29000000e-01  5.78301091e-03  6.29000000e-01  6.29000000e-01 
 6.30000000e-01  5.64930153e-03  6.30000000e-01  6.30000000e-01 
 6.31000000e-01  5.51850430e-03  6.31000000e-01  6.31000000e-01 
 6.32000000e-01  5.39057777e-03  6.32000000e-01  6.32000000e-01 
 6.33000000e-01  5.26548036e-03  6.33000000e-01  6.33000000e-01 
 6.34000000e-01  5.14317036e-03  6.34000000e-01  6.34000000e-01 
 6.35000000e-01  5.02360592e-03  6.35000000e-01  6.35000000e-01 
 6.36000000e-01  4.90674515e-03  6.36000000e-01  6.36000000e-01 
 6.37000000e-01  4.79254606e-03  6.37000000e-01  6.37000000e-01 
 6.38000000e-01  4.68096662e-03  6.38000000e-01  6.38000000e-01 
 6.39000000e-01  4.57196479e-03  6.39000000e-01  6.39000000e-01 
 6.40000000e-01  4.46549852e-03  6.40000000e-01  6.40000000e-01 
 6.41000000e-01  4.36152578e-03  6.41000000e-01  6.41000000e-01 
 6.42000000e-01  4.26000458e-03  6.42000000e-01  6.42000000e-01 
 6.43000000e-01  4.16089299e-03  6.43000000e-01  6.43000000e-01 
 6.44000000e-01  4.06414919e-03  6.44000000e-01  6.44000000e-01 
 6.45000000e-01  3.96973145e-03  6.45000000e-01  6.45000000e-01 
 6.46000000e-01  3.87759815e-03  6.46000000e-01  6.46000000e-01 
 6.47000000e-01  3.78770787e-03  6.47000000e-01  6.47000000e-01 
 6.48000000e-01  3.70001932e-03  6.48000000e-01  6.48000000e-01 
 6.49000000e-01  3.61449142e-03  6.49000000e-01  6.49000000e-01 
 6.50000000e-01  3.53108331e-03  6.50000000e-01  6.50000000e-01 
 6.51000000e-01  3.44975436e-03  6.51000000e-01  6.51000000e-01 
 6.52000000e-01  3.37046419e-03  6.52000000e-01  6.52000000e-01 
 6.53000000e-01  3.29317271e-03  6.53000000e-01  6.53000000e-01 
 6.54000000e-01  3.21784010e-03  6.54000000e-01  6.54000000e-01 
 6.55000000e-01  3.14442689e-03  6.55000000e-01  6.55000000e-01 
 6.56000000e-01  3.07289390e-03  6.56000000e-01  6.56000000e-01 
 6.57000000e-01  3.00320232e-03  6.57000000e-01  6.57000000e-01 
 6.58000000e-01  2.93531370e-03  6.58000000e-01  6.58000000e-01 
 6.59000000e-01  2.86918999e-03  6.59000000e-01  6.59000000e-01 
 6.60000000e-01  2.80479350e-03  6.60000000e-01  6.60000000e-01 
 6.61000000e-01  2.74208698e-03  6.61000000e-01  6.61000000e-01 
 6.62000000e-01  2.68103359e-03  6.62000000e-01  6.62000000e-01 
 6.63000000e-01  2.62159695e-03  6.63000000e-01  6.63000000e-01 
 6.64000000e-01  2.56374111e-03  6.64000000e-01  6.64000000e-01 
 6.65000000e-01  2.50743058e-03  6.65000000e-01  6.65000000e-01 
 6.66000000e-01  2.45263035e-03  6.66000000e-01  6.66000000e-01 
 6.67000000e-01  2.39930591e-03  6.67000000e-01  6.67000000e-01 
 6.68000000e-01  2.34742322e-03  6.68000000e-01  6.68000000e-01 
 6.69000000e-01  2.29694874e-03  6.69000000e-01  6.69000000e-01 
 6.70000000e-01  2.24784945e-03  6.70000000e-01  6.70000000e-01 
 6.71000000e-01  2.20009284e-03  6.71000000e-01  6.71000000e-01 
 6.72000000e-01  2.15364692e-03  6.72000000e-01  6.72000000e-01 
 6.73000000e-01  2.10848023e-03  6.73000000e-01  6.73000000e-01 
 6.74000000e-01  2.06456182e-03  6.74000000e-01  6.74000000e-01 
 6.75000000e-01  2.02186130e-03  6.75000000e-01  6.75000000e-01 
 6.76000000e-01  1.98034881e-03  6.76000000e-01  6.76000000e-01 
 6.77000000e-01  1.93999500e-03  6.77000000e-01  6.77000000e-01 
 6.78000000e-01  1.90077109e-03  6.78000000e-01  6.78000000e-01 
 6.79000000e-01  1.86264883e-03  6.79000000e-01  6.79000000e-01 
 6.80000000e-01  1.82560050e-03  6.80000000e-01  6.80000000e-01 
 6.81000000e-01  1.78959893e-03  6.81000000e-01  6.81000000e-01 
 6.82000000e-01  1.75461748e-03  6.82000000e-01  6.82000000e-01 
 6.83000000e-01  1.72063004e-03  6.83000000e-01  6.83000000e-01 
 6.84000000e-01  1.68761104e-03  6.84000000e-01  6.84000000e-01 
 6.85000000e-01  1.65553543e-03  6.85000000e-01  6.85000000e-01 
 6.86000000e-01  1.62437870e-03  6.86000000e-01  6.86000000e-01 
 6.87000000e-01  1.59411685e-03  6.87000000e-01  6.87000000e-01 
 6.88000000e-01  1.56472639e-03  6.88000000e-01  6.88000000e-01 
 6.89000000e-01  1.53618435e-03  6.89000000e-01  6.89000000e-01 
 6.90000000e-01  1.50846827e-03  6.90000000e-01  6.90000000e-01 
 6.91000000e-01  1.48155617e-03  6.91000000e-01  6.91000000e-01 
 6.92000000e-01  1.45542659e-03  6.92000000e-01  6.92000000e-01 
 6.93000000e-01  1.43005854e-03  6.93000000e-01  6.93000000e-01 
 6.94000000e-01  1.40543151e-03  6.94000000e-01  6.94000000e-01 
 6.95000000e-01  1.38152549e-03  6.95000000e-01  6.95000000e-01 
 6.96000000e-01  1.35832090e-03  6.96000000e-01  6.96000000e-01 
 6.97000000e-01  1.33579865e-03  6.97000000e-01  6.97000000e-01 
 6.98000000e-01  1.31394009e-03  6.98000000e-01  6.98000000e-01 
 6.99000000e-01  1.29272701e-03  6.99000000e-01  6.99000000e-01 
 7.00000000e-01  1.27214165e-03  7.00000000e-01  7.00000000e-01 
