 0.00000000e+00  6.99793286e-01  0.00000000e+00  0.00000000e+00 
 1.00000000e-03  6.99787647e-01  1.00000000e-03  1.00000000e-03 
 2.00000000e-03  6.99781777e-01  2.00000000e-03  2.00000000e-03 
 3.00000000e-03  6.99775747e-01  3.00000000e-03  3.00000000e-03 
 4.00000000e-03  6.99769552e-01  4.00000000e-03  4.00000000e-03 
 5.00000000e-03  6.99763188e-01  5.00000000e-03  5.00000000e-03 
 6.00000000e-03  6.99756650e-01  6.00000000e-03  6.00000000e-03 
 7.00000000e-03  6.99749933e-01  7.00000000e-03  7.00000000e-03 
 8.00000000e-03  6.99743033e-01  8.00000000e-03  8.00000000e-03 
 9.00000000e-03  6.99735944e-01  9.00000000e-03  9.00000000e-03 
 1.00000000e-02  6.99728661e-01  1.00000000e-02  1.00000000e-02 
 1.10000000e-02  6.99721179e-01  1.10000000e-02  1.10000000e-02 
 1.20000000e-02  6.99713493e-01  1.20000000e-02  1.20000000e-02 
 1.30000000e-02  6.99705596e-01  1.30000000e-02  1.30000000e-02 
 1.40000000e-02  6.99697483e-01  1.40000000e-02  1.40000000e-02 
 1.50000000e-02  6.99689148e-01  1.50000000e-02  1.50000000e-02 
 1.60000000e-02  6.99680585e-01  1.60000000e-02  1.60000000e-02 
 1.70000000e-02  6.99671787e-01  1.70000000e-02  1.70000000e-02 
 1.80000000e-02  6.99662748e-01  1.80000000e-02  1.80000000e-02 
 1.90000000e-02  6.99653462e-01  1.90000000e-02  1.90000000e-02 
 2.00000000e-02  6.99643921e-01  2.00000000e-02  2.00000000e-02 
 2.10000000e-02  6.99634118e-01  2.10000000e-02  2.10000000e-02 
 2.20000000e-02  6.99624047e-01  2.20000000e-02  2.20000000e-02 
 2.30000000e-02  6.99613699e-01  2.30000000e-02  2.30000000e-02 
 2.40000000e-02  6.99603068e-01  2.40000000e-02  2.40000000e-02 
 2.50000000e-02  6.99592145e-01  2.50000000e-02  2.50000000e-02 
 2.60000000e-02  6.99580922e-01  2.60000000e-02  2.60000000e-02 
 2.70000000e-02  6.99569391e-01  2.70000000e-02  2.70000000e-02 
 2.80000000e-02  6.99557544e-01  2.80000000e-02  2.80000000e-02 
 2.90000000e-02  6.99545372e-01  2.90000000e-02  2.90000000e-02 
 3.00000000e-02  6.99532865e-01  3.00000000e-02  3.00000000e-02 
 3.10000000e-02  6.99520015e-01  3.10000000e-02  3.10000000e-02 
 3.20000000e-02  6.99506812e-01  3.20000000e-02  3.20000000e-02 
 3.30000000e-02  6.99493247e-01  3.30000000e-02  3.30000000e-02 
 3.40000000e-02  6.99479309e-01  3.40000000e-02  3.40000000e-02 
 3.50000000e-02  6.99464989e-01  3.50000000e-02  3.50000000e-02 
 3.60000000e-02  6.99450276e-01  3.60000000e-02  3.60000000e-02 
 3.70000000e-02  6.99435158e-01  3.70000000e-02  3.70000000e-02 
 3.80000000e-02  6.99419626e-01  3.80000000e-02  3.80000000e-02 
 3.90000000e-02  6.99403667e-01  3.90000000e-02  3.90000000e-02 
 4.00000000e-02  6.99387271e-01  4.00000000e-02  4.00000000e-02 
 4.10000000e-02  6.99370425e-01  4.10000000e-02  4.10000000e-02 
 4.20000000e-02  6.99353116e-01  4.20000000e-02  4.20000000e-02 
 4.30000000e-02  6.99335333e-01  4.30000000e-02  4.30000000e-02 
 4.40000000e-02  6.99317063e-01  4.40000000e-02  4.40000000e-02 
 4.50000000e-02  6.99298292e-01  4.50000000e-02  4.50000000e-02 
 4.60000000e-02  6.99279007e-01  4.60000000e-02  4.60000000e-02 
 4.70000000e-02  6.99259194e-01  4.70000000e-02  4.70000000e-02 
 4.80000000e-02  6.99238839e-01  4.80000000e-02  4.80000000e-02 
 4.90000000e-02  6.99217928e-01  4.90000000e-02  4.90000000e-02 
 5.00000000e-02  6.99196444e-01  5.00000000e-02  5.00000000e-02 
 5.10000000e-02  6.99174374e-01  5.10000000e-02  5.10000000e-02 
 5.20000000e-02  6.99151702e-01  5.20000000e-02  5.20000000e-02 
 5.30000000e-02  6.99128411e-01  5.30000000e-02  5.30000000e-02 
 5.40000000e-02  6.99104485e-01  5.40000000e-02  5.40000000e-02 
 5.50000000e-02  6.99079907e-01  5.50000000e-02  5.50000000e-02 
 5.60000000e-02  6.99054661e-01  5.60000000e-02  5.60000000e-02 
 5.70000000e-02  6.99028728e-01  5.70000000e-02  5.70000000e-02 
 5.80000000e-02  6.99002091e-01  5.80000000e-02  5.80000000e-02 
 5.90000000e-02  6.98974731e-01  5.90000000e-02  5.90000000e-02 
 6.00000000e-02  6.98946629e-01  6.00000000e-02  6.00000000e-02 
 6.10000000e-02  6.98917766e-01  6.10000000e-02  6.10000000e-02 
 6.20000000e-02  6.98888123e-01  6.20000000e-02  6.20000000e-02 
 6.30000000e-02  6.98857679e-01  6.30000000e-02  6.30000000e-02 
 6.40000000e-02  6.98826414e-01  6.40000000e-02  6.40000000e-02 
 6.50000000e-02  6.98794306e-01  6.50000000e-02  6.50000000e-02 
 6.60000000e-02  6.98761335e-01  6.60000000e-02  6.60000000e-02 
 6.70000000e-02  6.98727477e-01  6.70000000e-02  6.70000000e-02 
 6.80000000e-02  6.98692712e-01  6.80000000e-02  6.80000000e-02 
 6.90000000e-02  6.98657015e-01  6.90000000e-02  6.90000000e-02 
 7.00000000e-02  6.98620364e-01  7.00000000e-02  7.00000000e-02 
 7.10000000e-02  6.98582734e-01  7.10000000e-02  7.10000000e-02 
 7.20000000e-02  6.98544102e-01  7.20000000e-02  7.20000000e-02 
 7.30000000e-02  6.98504442e-01  7.30000000e-02  7.30000000e-02 
 7.40000000e-02  6.98463729e-01  7.40000000e-02  7.40000000e-02 
 7.50000000e-02  6.98421938e-01  7.50000000e-02  7.50000000e-02 
 7.60000000e-02  6.98379041e-01  7.60000000e-02  7.60000000e-02 
 7.70000000e-02  6.98335012e-01  7.70000000e-02  7.70000000e-02 
 7.80000000e-02  6.98289824e-01  7.80000000e-02  7.80000000e-02 
 7.90000000e-02  6.98243449e-01  7.90000000e-02  7.90000000e-02 
 8.00000000e-02  6.98195858e-01  8.00000000e-02  8.00000000e-02 
 8.10000000e-02  6.98147023e-01  8.10000000e-02  8.10000000e-02 
 8.20000000e-02  6.98096913e-01  8.20000000e-02  8.20000000e-02 
 8.30000000e-02  6.98045500e-01  8.30000000e-02  8.30000000e-02 
 8.40000000e-02  6.97992752e-01  8.40000000e-02  8.40000000e-02 
 8.50000000e-02  6.97938640e-01  8.50000000e-02  8.50000000e-02 
 8.60000000e-02  6.97883130e-01  8.60000000e-02  8.60000000e-02 
 8.70000000e-02  6.97826191e-01  8.70000000e-02  8.70000000e-02 
 8.80000000e-02  6.97767791e-01  8.80000000e-02  8.80000000e-02 
 8.90000000e-02  6.97707897e-01  8.90000000e-02  8.90000000e-02 
 9.00000000e-02  6.97646475e-01  9.00000000e-02  9.00000000e-02 
 9.10000000e-02  6.97583491e-01  9.10000000e-02  9.10000000e-02 
 9.20000000e-02  6.97518910e-01  9.20000000e-02  9.20000000e-02 
 9.30000000e-02  6.97452698e-01  9.30000000e-02  9.30000000e-02 
 9.40000000e-02  6.97384819e-01  9.40000000e-02  9.40000000e-02 
 9.50000000e-02  6.97315236e-01  9.50000000e-02  9.50000000e-02 
 9.60000000e-02  6.97243914e-01  9.60000000e-02  9.60000000e-02 
 9.70000000e-02  6.97170816e-01  9.70000000e-02  9.70000000e-02 
 9.80000000e-02  6.97095903e-01  9.80000000e-02  9.80000000e-02 
 9.90000000e-02  6.97019139e-01  9.90000000e-02  9.90000000e-02 
 1.00000000e-01  6.96940485e-01  1.00000000e-01  1.00000000e-01 
 1.01000000e-01  6.96859901e-01  1.01000000e-01  1.01000000e-01 
 1.02000000e-01  6.96777350e-01  1.02000000e-01  1.02000000e-01 
 1.03000000e-01  6.96692791e-01  1.03000000e-01  1.03000000e-01 
 1.04000000e-01  6.96606184e-01  1.04000000e-01  1.04000000e-01 
 1.05000000e-01  6.96517490e-01  1.05000000e-01  1.05000000e-01 
 1.06000000e-01  6.96426667e-01  1.06000000e-01  1.06000000e-01 
 1.07000000e-01  6.96333673e-01  1.07000000e-01  1.07000000e-01 
 1.08000000e-01  6.96238469e-01  1.08000000e-01  1.08000000e-01 
 1.09000000e-01  6.96141011e-01  1.09000000e-01  1.09000000e-01 
 1.10000000e-01  6.96041258e-01  1.10000000e-01  1.10000000e-01 
 1.11000000e-01  6.95939167e-01  1.11000000e-01  1.11000000e-01 
 1.12000000e-01  6.95834696e-01  1.12000000e-01  1.12000000e-01 
 1.13000000e-01  6.95727801e-01  1.13000000e-01  1.13000000e-01 
 1.14000000e-01  6.95618439e-01  1.14000000e-01  1.14000000e-01 
 1.15000000e-01  6.95506566e-01  1.15000000e-01  1.15000000e-01 
 1.16000000e-01  6.95392140e-01  1.16000000e-01  1.16000000e-01 
 1.17000000e-01  6.95275114e-01  1.17000000e-01  1.17000000e-01 
 1.18000000e-01  6.95155446e-01  1.18000000e-01  1.18000000e-01 
 1.19000000e-01  6.95033091e-01  1.19000000e-01  1.19000000e-01 
 1.20000000e-01  6.94908004e-01  1.20000000e-01  1.20000000e-01 
 1.21000000e-01  6.94780140e-01  1.21000000e-01  1.21000000e-01 
 1.22000000e-01  6.94649455e-01  1.22000000e-01  1.22000000e-01 
 1.23000000e-01  6.94515903e-01  1.23000000e-01  1.23000000e-01 
 1.24000000e-01  6.94379439e-01  1.24000000e-01  1.24000000e-01 
 1.25000000e-01  6.94240018e-01  1.25000000e-01  1.25000000e-01 
 1.26000000e-01  6.94097595e-01  1.26000000e-01  1.26000000e-01 
 1.27000000e-01  6.93952124e-01  1.27000000e-01  1.27000000e-01 
 1.28000000e-01  6.93803560e-01  1.28000000e-01  1.28000000e-01 
 1.29000000e-01  6.93651858e-01  1.29000000e-01  1.29000000e-01 
 1.30000000e-01  6.93496971e-01  1.30000000e-01  1.30000000e-01 
 1.31000000e-01  6.93338855e-01  1.31000000e-01  1.31000000e-01 
 1.32000000e-01  6.93177465e-01  1.32000000e-01  1.32000000e-01 
 1.33000000e-01  6.93012755e-01  1.33000000e-01  1.33000000e-01 
 1.34000000e-01  6.92844679e-01  1.34000000e-01  1.34000000e-01 
 1.35000000e-01  6.92673193e-01  1.35000000e-01  1.35000000e-01 
 1.36000000e-01  6.92498253e-01  1.36000000e-01  1.36000000e-01 
 1.37000000e-01  6.92319812e-01  1.37000000e-01  1.37000000e-01 
 1.38000000e-01  6.92137827e-01  1.38000000e-01  1.38000000e-01 
 1.39000000e-01  6.91952253e-01  1.39000000e-01  1.39000000e-01 
 1.40000000e-01  6.91763045e-01  1.40000000e-01  1.40000000e-01 
 1.41000000e-01  6.91570160e-01  1.41000000e-01  1.41000000e-01 
 1.42000000e-01  6.91373553e-01  1.42000000e-01  1.42000000e-01 
 1.43000000e-01  6.91173181e-01  1.43000000e-01  1.43000000e-01 
 1.44000000e-01  6.90969001e-01  1.44000000e-01  1.44000000e-01 
 1.45000000e-01  6.90760969e-01  1.45000000e-01  1.45000000e-01 
 1.46000000e-01  6.90549042e-01  1.46000000e-01  1.46000000e-01 
 1.47000000e-01  6.90333177e-01  1.47000000e-01  1.47000000e-01 
 1.48000000e-01  6.90113333e-01  1.48000000e-01  1.48000000e-01 
 1.49000000e-01  6.89889468e-01  1.49000000e-01  1.49000000e-01 
 1.50000000e-01  6.89661538e-01  1.50000000e-01  1.50000000e-01 
 1.51000000e-01  6.89429503e-01  1.51000000e-01  1.51000000e-01 
 1.52000000e-01  6.89193322e-01  1.52000000e-01  1.52000000e-01 
 1.53000000e-01  6.88952953e-01  1.53000000e-01  1.53000000e-01 
 1.54000000e-01  6.88708357e-01  1.54000000e-01  1.54000000e-01 
 1.55000000e-01  6.88459491e-01  1.55000000e-01  1.55000000e-01 
 1.56000000e-01  6.88206318e-01  1.56000000e-01  1.56000000e-01 
 1.57000000e-01  6.87948797e-01  1.57000000e-01  1.57000000e-01 
 1.58000000e-01  6.87686888e-01  1.58000000e-01  1.58000000e-01 
 1.59000000e-01  6.87420553e-01  1.59000000e-01  1.59000000e-01 
 1.60000000e-01  6.87149752e-01  1.60000000e-01  1.60000000e-01 
 1.61000000e-01  6.86874447e-01  1.61000000e-01  1.61000000e-01 
 1.62000000e-01  6.86594600e-01  1.62000000e-01  1.62000000e-01 
 1.63000000e-01  6.86310173e-01  1.63000000e-01  1.63000000e-01 
 1.64000000e-01  6.86021128e-01  1.64000000e-01  1.64000000e-01 
 1.65000000e-01  6.85727428e-01  1.65000000e-01  1.65000000e-01 
 1.66000000e-01  6.85429035e-01  1.66000000e-01  1.66000000e-01 
 1.67000000e-01  6.85125912e-01  1.67000000e-01  1.67000000e-01 
 1.68000000e-01  6.84818023e-01  1.68000000e-01  1.68000000e-01 
 1.69000000e-01  6.84505330e-01  1.69000000e-01  1.69000000e-01 
 1.70000000e-01  6.84187798e-01  1.70000000e-01  1.70000000e-01 
 1.71000000e-01  6.83865390e-01  1.71000000e-01  1.71000000e-01 
 1.72000000e-01  6.83538070e-01  1.72000000e-01  1.72000000e-01 
 1.73000000e-01  6.83205801e-01  1.73000000e-01  1.73000000e-01 
 1.74000000e-01  6.82868548e-01  1.74000000e-01  1.74000000e-01 
 1.75000000e-01  6.82526275e-01  1.75000000e-01  1.75000000e-01 
 1.76000000e-01  6.82178946e-01  1.76000000e-01  1.76000000e-01 
 1.77000000e-01  6.81826525e-01  1.77000000e-01  1.77000000e-01 
 1.78000000e-01  6.81468976e-01  1.78000000e-01  1.78000000e-01 
 1.79000000e-01  6.81106262e-01  1.79000000e-01  1.79000000e-01 
 1.80000000e-01  6.80738349e-01  1.80000000e-01  1.80000000e-01 
 1.81000000e-01  6.80365200e-01  1.81000000e-01  1.81000000e-01 
 1.82000000e-01  6.79986779e-01  1.82000000e-01  1.82000000e-01 
 1.83000000e-01  6.79603048e-01  1.83000000e-01  1.83000000e-01 
 1.84000000e-01  6.79213973e-01  1.84000000e-01  1.84000000e-01 
 1.85000000e-01  6.78819515e-01  1.85000000e-01  1.85000000e-01 
 1.86000000e-01  6.78419638e-01  1.86000000e-01  1.86000000e-01 
 1.87000000e-01  6.78014304e-01  1.87000000e-01  1.87000000e-01 
 1.88000000e-01  6.77603476e-01  1.88000000e-01  1.88000000e-01 
 1.89000000e-01  6.77187116e-01  1.89000000e-01  1.89000000e-01 
 1.90000000e-01  6.76765185e-01  1.90000000e-01  1.90000000e-01 
 1.91000000e-01  6.76337645e-01  1.91000000e-01  1.91000000e-01 
 1.92000000e-01  6.75904456e-01  1.92000000e-01  1.92000000e-01 
 1.93000000e-01  6.75465578e-01  1.93000000e-01  1.93000000e-01 
 1.94000000e-01  6.75020971e-01  1.94000000e-01  1.94000000e-01 
 1.95000000e-01  6.74570594e-01  1.95000000e-01  1.95000000e-01 
 1.96000000e-01  6.74114405e-01  1.96000000e-01  1.96000000e-01 
 1.97000000e-01  6.73652363e-01  1.97000000e-01  1.97000000e-01 
 1.98000000e-01  6.73184424e-01  1.98000000e-01  1.98000000e-01 
 1.99000000e-01  6.72710544e-01  1.99000000e-01  1.99000000e-01 
 2.00000000e-01  6.72230679e-01  2.00000000e-01  2.00000000e-01 
 2.01000000e-01  6.71744783e-01  2.01000000e-01  2.01000000e-01 
 2.02000000e-01  6.71252811e-01  2.02000000e-01  2.02000000e-01 
 2.03000000e-01  6.70754714e-01  2.03000000e-01  2.03000000e-01 
 2.04000000e-01  6.70250445e-01  2.04000000e-01  2.04000000e-01 
 2.05000000e-01  6.69739955e-01  2.05000000e-01  2.05000000e-01 
 2.06000000e-01  6.69223192e-01  2.06000000e-01  2.06000000e-01 
 2.07000000e-01  6.68700105e-01  2.07000000e-01  2.07000000e-01 
 2.08000000e-01  6.68170642e-01  2.08000000e-01  2.08000000e-01 
 2.09000000e-01  6.67634748e-01  2.09000000e-01  2.09000000e-01 
 2.10000000e-01  6.67092368e-01  2.10000000e-01  2.10000000e-01 
 2.11000000e-01  6.66543444e-01  2.11000000e-01  2.11000000e-01 
 2.12000000e-01  6.65987919e-01  2.12000000e-01  2.12000000e-01 
 2.13000000e-01  6.65425733e-01  2.13000000e-01  2.13000000e-01 
 2.14000000e-01  6.64856824e-01  2.14000000e-01  2.14000000e-01 
 2.15000000e-01  6.64281129e-01  2.15000000e-01  2.15000000e-01 
 2.16000000e-01  6.63698583e-01  2.16000000e-01  2.16000000e-01 
 2.17000000e-01  6.63109120e-01  2.17000000e-01  2.17000000e-01 
 2.18000000e-01  6.62512671e-01  2.18000000e-01  2.18000000e-01 
 2.19000000e-01  6.61909164e-01  2.19000000e-01  2.19000000e-01 
 2.20000000e-01  6.61298528e-01  2.20000000e-01  2.20000000e-01 
 2.21000000e-01  6.60680688e-01  2.21000000e-01  2.21000000e-01 
 2.22000000e-01  6.60055567e-01  2.22000000e-01  2.22000000e-01 
 2.23000000e-01  6.59423085e-01  2.23000000e-01  2.23000000e-01 
 2.24000000e-01  6.58783161e-01  2.24000000e-01  2.24000000e-01 
 2.25000000e-01  6.58135710e-01  2.25000000e-01  2.25000000e-01 
 2.26000000e-01  6.57480645e-01  2.26000000e-01  2.26000000e-01 
 2.27000000e-01  6.56817877e-01  2.27000000e-01  2.27000000e-01 
 2.28000000e-01  6.56147313e-01  2.28000000e-01  2.28000000e-01 
 2.29000000e-01  6.55468858e-01  2.29000000e-01  2.29000000e-01 
 2.30000000e-01  6.54782413e-01  2.30000000e-01  2.30000000e-01 
 2.31000000e-01  6.54087877e-01  2.31000000e-01  2.31000000e-01 
 2.32000000e-01  6.53385144e-01  2.32000000e-01  2.32000000e-01 
 2.33000000e-01  6.52674106e-01  2.33000000e-01  2.33000000e-01 
 2.34000000e-01  6.51954652e-01  2.34000000e-01  2.34000000e-01 
 2.35000000e-01  6.51226664e-01  2.35000000e-01  2.35000000e-01 
 2.36000000e-01  6.50490024e-01  2.36000000e-01  2.36000000e-01 
 2.37000000e-01  6.49744608e-01  2.37000000e-01  2.37000000e-01 
 2.38000000e-01  6.48990287e-01  2.38000000e-01  2.38000000e-01 
 2.39000000e-01  6.48226930e-01  2.39000000e-01  2.39000000e-01 
 2.40000000e-01  6.47454399e-01  2.40000000e-01  2.40000000e-01 
 2.41000000e-01  6.46672552e-01  2.41000000e-01  2.41000000e-01 
 2.42000000e-01  6.45881244e-01  2.42000000e-01  2.42000000e-01 
 2.43000000e-01  6.45080322e-01  2.43000000e-01  2.43000000e-01 
 2.44000000e-01  6.44269629e-01  2.44000000e-01  2.44000000e-01 
 2.45000000e-01  6.43449002e-01  2.45000000e-01  2.45000000e-01 
 2.46000000e-01  6.42618273e-01  2.46000000e-01  2.46000000e-01 
 2.47000000e-01  6.41777267e-01  2.47000000e-01  2.47000000e-01 
 2.48000000e-01  6.40925802e-01  2.48000000e-01  2.48000000e-01 
 2.49000000e-01  6.40063692e-01  2.49000000e-01  2.49000000e-01 
 2.50000000e-01  6.39190741e-01  2.50000000e-01  2.50000000e-01 
 2.51000000e-01  6.38306749e-01  2.51000000e-01  2.51000000e-01 
 2.52000000e-01  6.37411505e-01  2.52000000e-01  2.52000000e-01 
 2.53000000e-01  6.36504793e-01  2.53000000e-01  2.53000000e-01 
 2.54000000e-01  6.35586388e-01  2.54000000e-01  2.54000000e-01 
 2.55000000e-01  6.34656056e-01  2.55000000e-01  2.55000000e-01 
 2.56000000e-01  6.33713553e-01  2.56000000e-01  2.56000000e-01 
 2.57000000e-01  6.32758630e-01  2.57000000e-01  2.57000000e-01 
 2.58000000e-01  6.31791023e-01  2.58000000e-01  2.58000000e-01 
 2.59000000e-01  6.30810462e-01  2.59000000e-01  2.59000000e-01 
 2.60000000e-01  6.29816663e-01  2.60000000e-01  2.60000000e-01 
 2.61000000e-01  6.28809334e-01  2.61000000e-01  2.61000000e-01 
 2.62000000e-01  6.27788170e-01  2.62000000e-01  2.62000000e-01 
 2.63000000e-01  6.26752853e-01  2.63000000e-01  2.63000000e-01 
 2.64000000e-01  6.25703055e-01  2.64000000e-01  2.64000000e-01 
 2.65000000e-01  6.24638431e-01  2.65000000e-01  2.65000000e-01 
 2.66000000e-01  6.23558627e-01  2.66000000e-01  2.66000000e-01 
 2.67000000e-01  6.22463269e-01  2.67000000e-01  2.67000000e-01 
 2.68000000e-01  6.21351973e-01  2.68000000e-01  2.68000000e-01 
 2.69000000e-01  6.20224335e-01  2.69000000e-01  2.69000000e-01 
 2.70000000e-01  6.19079938e-01  2.70000000e-01  2.70000000e-01 
 2.71000000e-01  6.17918344e-01  2.71000000e-01  2.71000000e-01 
 2.72000000e-01  6.16739100e-01  2.72000000e-01  2.72000000e-01 
 2.73000000e-01  6.15541732e-01  2.73000000e-01  2.73000000e-01 
 2.74000000e-01  6.14325746e-01  2.74000000e-01  2.74000000e-01 
 2.75000000e-01  6.13090628e-01  2.75000000e-01  2.75000000e-01 
 2.76000000e-01  6.11835842e-01  2.76000000e-01  2.76000000e-01 
 2.77000000e-01  6.10560827e-01  2.77000000e-01  2.77000000e-01 
 2.78000000e-01  6.09265001e-01  2.78000000e-01  2.78000000e-01 
 2.79000000e-01  6.07947755e-01  2.79000000e-01  2.79000000e-01 
 2.80000000e-01  6.06608452e-01  2.80000000e-01  2.80000000e-01 
 2.81000000e-01  6.05246430e-01  2.81000000e-01  2.81000000e-01 
 2.82000000e-01  6.03860997e-01  2.82000000e-01  2.82000000e-01 
 2.83000000e-01  6.02451428e-01  2.83000000e-01  2.83000000e-01 
 2.84000000e-01  6.01016969e-01  2.84000000e-01  2.84000000e-01 
 2.85000000e-01  5.99556831e-01  2.85000000e-01  2.85000000e-01 
 2.86000000e-01  5.98070189e-01  2.86000000e-01  2.86000000e-01 
 2.87000000e-01  5.96556182e-01  2.87000000e-01  2.87000000e-01 
 2.88000000e-01  5.95013909e-01  2.88000000e-01  2.88000000e-01 
 2.89000000e-01  5.93442430e-01  2.89000000e-01  2.89000000e-01 
 2.90000000e-01  5.91840760e-01  2.90000000e-01  2.90000000e-01 
 2.91000000e-01  5.90207870e-01  2.91000000e-01  2.91000000e-01 
 2.92000000e-01  5.88542685e-01  2.92000000e-01  2.92000000e-01 
 2.93000000e-01  5.86844078e-01  2.93000000e-01  2.93000000e-01 
 2.94000000e-01  5.85110873e-01  2.94000000e-01  2.94000000e-01 
 2.95000000e-01  5.83341839e-01  2.95000000e-01  2.95000000e-01 
 2.96000000e-01  5.81535686e-01  2.96000000e-01  2.96000000e-01 
 2.97000000e-01  5.79691068e-01  2.97000000e-01  2.97000000e-01 
 2.98000000e-01  5.77806574e-01  2.98000000e-01  2.98000000e-01 
 2.99000000e-01  5.75880729e-01  2.99000000e-01  2.99000000e-01 
 3.00000000e-01  5.73911990e-01  3.00000000e-01  3.00000000e-01 
 3.01000000e-01  5.71898743e-01  3.01000000e-01  3.01000000e-01 
 3.02000000e-01  5.69839300e-01  3.02000000e-01  3.02000000e-01 
 3.03000000e-01  5.67731895e-01  3.03000000e-01  3.03000000e-01 
 3.04000000e-01  5.65574682e-01  3.04000000e-01  3.04000000e-01 
 3.05000000e-01  5.63365734e-01  3.05000000e-01  3.05000000e-01 
 3.06000000e-01  5.61103036e-01  3.06000000e-01  3.06000000e-01 
 3.07000000e-01  5.58784484e-01  3.07000000e-01  3.07000000e-01 
 3.08000000e-01  5.56407885e-01  3.08000000e-01  3.08000000e-01 
 3.09000000e-01  5.53970950e-01  3.09000000e-01  3.09000000e-01 
 3.10000000e-01  5.51471298e-01  3.10000000e-01  3.10000000e-01 
 3.11000000e-01  5.48906451e-01  3.11000000e-01  3.11000000e-01 
 3.12000000e-01  5.46273835e-01  3.12000000e-01  3.12000000e-01 
 3.13000000e-01  5.43570783e-01  3.13000000e-01  3.13000000e-01 
 3.14000000e-01  5.40794535e-01  3.14000000e-01  3.14000000e-01 
 3.15000000e-01  5.37942242e-01  3.15000000e-01  3.15000000e-01 
 3.16000000e-01  5.35010973e-01  3.16000000e-01  3.16000000e-01 
 3.17000000e-01  5.31997724e-01  3.17000000e-01  3.17000000e-01 
 3.18000000e-01  5.28899427e-01  3.18000000e-01  3.18000000e-01 
 3.19000000e-01  5.25712965e-01  3.19000000e-01  3.19000000e-01 
 3.20000000e-01  5.22435193e-01  3.20000000e-01  3.20000000e-01 
 3.21000000e-01  5.19062954e-01  3.21000000e-01  3.21000000e-01 
 3.22000000e-01  5.15593111e-01  3.22000000e-01  3.22000000e-01 
 3.23000000e-01  5.12022576e-01  3.23000000e-01  3.23000000e-01 
 3.24000000e-01  5.08348346e-01  3.24000000e-01  3.24000000e-01 
 3.25000000e-01  5.04567547e-01  3.25000000e-01  3.25000000e-01 
 3.26000000e-01  5.00677476e-01  3.26000000e-01  3.26000000e-01 
 3.27000000e-01  4.96675650e-01  3.27000000e-01  3.27000000e-01 
 3.28000000e-01  4.92559848e-01  3.28000000e-01  3.28000000e-01 
 3.29000000e-01  4.88328179e-01  3.29000000e-01  3.29000000e-01 
 3.30000000e-01  4.83979138e-01  3.30000000e-01  3.30000000e-01 
 3.31000000e-01  4.79511663e-01  3.31000000e-01  3.31000000e-01 
 3.32000000e-01  4.74925189e-01  3.32000000e-01  3.32000000e-01 
 3.33000000e-01  4.70219703e-01  3.33000000e-01  3.33000000e-01 
 3.34000000e-01  4.65395796e-01  3.34000000e-01  3.34000000e-01 
 3.35000000e-01  4.60454711e-01  3.35000000e-01  3.35000000e-01 
 3.36000000e-01  4.55398390e-01  3.36000000e-01  3.36000000e-01 
 3.37000000e-01  4.50229515e-01  3.37000000e-01  3.37000000e-01 
 3.38000000e-01  4.44951550e-01  3.38000000e-01  3.38000000e-01 
 3.39000000e-01  4.39568765e-01  3.39000000e-01  3.39000000e-01 
 3.40000000e-01  4.34086266e-01  3.40000000e-01  3.40000000e-01 
 3.41000000e-01  4.28510001e-01  3.41000000e-01  3.41000000e-01 
 3.42000000e-01  4.22846760e-01  3.42000000e-01  3.42000000e-01 
 3.43000000e-01  4.17104149e-01  3.43000000e-01  3.43000000e-01 
 3.44000000e-01  4.11290558e-01  3.44000000e-01  3.44000000e-01 
 3.45000000e-01  4.05415096e-01  3.45000000e-01  3.45000000e-01 
 3.46000000e-01  3.99487523e-01  3.46000000e-01  3.46000000e-01 
 3.47000000e-01  3.93518163e-01  3.47000000e-01  3.47000000e-01 
 3.48000000e-01  3.87517808e-01  3.48000000e-01  3.48000000e-01 
 3.49000000e-01  3.81497622e-01  3.49000000e-01  3.49000000e-01 
 3.50000000e-01  3.75469037e-01  3.50000000e-01  3.50000000e-01 
 3.51000000e-01  3.69443654e-01  3.51000000e-01  3.51000000e-01 
 3.52000000e-01  3.63433143e-01  3.52000000e-01  3.52000000e-01 
 3.53000000e-01  3.57449139e-01  3.53000000e-01  3.53000000e-01 
 3.54000000e-01  3.51503147e-01  3.54000000e-01  3.54000000e-01 
 3.55000000e-01  3.45606431e-01  3.55000000e-01  3.55000000e-01 
 3.56000000e-01  3.39769911e-01  3.56000000e-01  3.56000000e-01 
 3.57000000e-01  3.34004054e-01  3.57000000e-01  3.57000000e-01 
 3.58000000e-01  3.28318757e-01  3.58000000e-01  3.58000000e-01 
 3.59000000e-01  3.22723238e-01  3.59000000e-01  3.59000000e-01 
 3.60000000e-01  3.17225924e-01  3.60000000e-01  3.60000000e-01 
 3.61000000e-01  3.11834355e-01  3.61000000e-01  3.61000000e-01 
 3.62000000e-01  3.06555089e-01  3.62000000e-01  3.62000000e-01 
 3.63000000e-01  3.01393635e-01  3.63000000e-01  3.63000000e-01 
 3.64000000e-01  2.96354404e-01  3.64000000e-01  3.64000000e-01 
 3.65000000e-01  2.91440687e-01  3.65000000e-01  3.65000000e-01 
 3.66000000e-01  2.86654654e-01  3.66000000e-01  3.66000000e-01 
 3.67000000e-01  2.81997391e-01  3.67000000e-01  3.67000000e-01 
 3.68000000e-01  2.77468955e-01  3.68000000e-01  3.68000000e-01 
 3.69000000e-01  2.73068455e-01  3.69000000e-01  3.69000000e-01 
 3.70000000e-01  2.68794145e-01  3.70000000e-01  3.70000000e-01 
 3.71000000e-01  2.64643539e-01  3.71000000e-01  3.71000000e-01 
 3.72000000e-01  2.60613526e-01  3.72000000e-01  3.72000000e-01 
 3.73000000e-01  2.56700484e-01  3.73000000e-01  3.73000000e-01 
 3.74000000e-01  2.52900388e-01  3.74000000e-01  3.74000000e-01 
 3.75000000e-01  2.49208933e-01  3.75000000e-01  3.75000000e-01 
 3.76000000e-01  2.45621633e-01  3.76000000e-01  3.76000000e-01 
 3.77000000e-01  2.42133915e-01  3.77000000e-01  3.77000000e-01 
 3.78000000e-01  2.38741189e-01  3.78000000e-01  3.78000000e-01 
 3.79000000e-01  2.35438917e-01  3.79000000e-01  3.79000000e-01 
 3.80000000e-01  2.32222668e-01  3.80000000e-01  3.80000000e-01 
 3.81000000e-01  2.29088157e-01  3.81000000e-01  3.81000000e-01 
 3.82000000e-01  2.26031281e-01  3.82000000e-01  3.82000000e-01 
 3.83000000e-01  2.23048140e-01  3.83000000e-01  3.83000000e-01 
 3.84000000e-01  2.20135052e-01  3.84000000e-01  3.84000000e-01 
 3.85000000e-01  2.17288561e-01  3.85000000e-01  3.85000000e-01 
 3.86000000e-01  2.14505442e-01  3.86000000e-01  3.86000000e-01 
 3.87000000e-01  2.11782694e-01  3.87000000e-01  3.87000000e-01 
 3.88000000e-01  2.09117534e-01  3.88000000e-01  3.88000000e-01 
 3.89000000e-01  2.06507389e-01  3.89000000e-01  3.89000000e-01 
 3.90000000e-01  2.03949884e-01  3.90000000e-01  3.90000000e-01 
 3.91000000e-01  2.01442826e-01  3.91000000e-01  3.91000000e-01 
 3.92000000e-01  1.98984191e-01  3.92000000e-01  3.92000000e-01 
 3.93000000e-01  1.96572109e-01  3.93000000e-01  3.93000000e-01 
 3.94000000e-01  1.94204851e-01  3.94000000e-01  3.94000000e-01 
 3.95000000e-01  1.91880808e-01  3.95000000e-01  3.95000000e-01 
 3.96000000e-01  1.89598487e-01  3.96000000e-01  3.96000000e-01 
 3.97000000e-01  1.87356489e-01  3.97000000e-01  3.97000000e-01 
 3.98000000e-01  1.85153504e-01  3.98000000e-01  3.98000000e-01 
 3.99000000e-01  1.82988298e-01  3.99000000e-01  3.99000000e-01 
 4.00000000e-01  1.80859701e-01  4.00000000e-01  4.00000000e-01 
 4.01000000e-01  1.78766605e-01  4.01000000e-01  4.01000000e-01 
 4.02000000e-01  1.76707952e-01  4.02000000e-01  4.02000000e-01 
 4.03000000e-01  1.74682731e-01  4.03000000e-01  4.03000000e-01 
 4.04000000e-01  1.72689972e-01  4.04000000e-01  4.04000000e-01 
 4.05000000e-01  1.70728741e-01  4.05000000e-01  4.05000000e-01 
 4.06000000e-01  1.68798140e-01  4.06000000e-01  4.06000000e-01 
 4.07000000e-01  1.66897299e-01  4.07000000e-01  4.07000000e-01 
 4.08000000e-01  1.65025381e-01  4.08000000e-01  4.08000000e-01 
 4.09000000e-01  1.63181573e-01  4.09000000e-01  4.09000000e-01 
 4.10000000e-01  1.61365091e-01  4.10000000e-01  4.10000000e-01 
 4.11000000e-01  1.59575174e-01  4.11000000e-01  4.11000000e-01 
 4.12000000e-01  1.57811085e-01  4.12000000e-01  4.12000000e-01 
 4.13000000e-01  1.56072112e-01  4.13000000e-01  4.13000000e-01 
 4.14000000e-01  1.54357565e-01  4.14000000e-01  4.14000000e-01 
 4.15000000e-01  1.52666776e-01  4.15000000e-01  4.15000000e-01 
 4.16000000e-01  1.50999100e-01  4.16000000e-01  4.16000000e-01 
 4.17000000e-01  1.49353912e-01  4.17000000e-01  4.17000000e-01 
 4.18000000e-01  1.47730610e-01  4.18000000e-01  4.18000000e-01 
 4.19000000e-01  1.46128610e-01  4.19000000e-01  4.19000000e-01 
 4.20000000e-01  1.44547349e-01  4.20000000e-01  4.20000000e-01 
 4.21000000e-01  1.42986285e-01  4.21000000e-01  4.21000000e-01 
 4.22000000e-01  1.41444893e-01  4.22000000e-01  4.22000000e-01 
 4.23000000e-01  1.39922668e-01  4.23000000e-01  4.23000000e-01 
 4.24000000e-01  1.38419123e-01  4.24000000e-01  4.24000000e-01 
 4.25000000e-01  1.36933788e-01  4.25000000e-01  4.25000000e-01 
 4.26000000e-01  1.35466211e-01  4.26000000e-01  4.26000000e-01 
 4.27000000e-01  1.34015957e-01  4.27000000e-01  4.27000000e-01 
 4.28000000e-01  1.32582604e-01  4.28000000e-01  4.28000000e-01 
 4.29000000e-01  1.31165749e-01  4.29000000e-01  4.29000000e-01 
 4.30000000e-01  1.29765003e-01  4.30000000e-01  4.30000000e-01 
 4.31000000e-01  1.28379991e-01  4.31000000e-01  4.31000000e-01 
 4.32000000e-01  1.27010352e-01  4.32000000e-01  4.32000000e-01 
 4.33000000e-01  1.25655739e-01  4.33000000e-01  4.33000000e-01 
 4.34000000e-01  1.24315817e-01  4.34000000e-01  4.34000000e-01 
 4.35000000e-01  1.22990265e-01  4.35000000e-01  4.35000000e-01 
 4.36000000e-01  1.21678772e-01  4.36000000e-01  4.36000000e-01 
 4.37000000e-01  1.20381040e-01  4.37000000e-01  4.37000000e-01 
 4.38000000e-01  1.19096782e-01  4.38000000e-01  4.38000000e-01 
 4.39000000e-01  1.17825721e-01  4.39000000e-01  4.39000000e-01 
 4.40000000e-01  1.16567590e-01  4.40000000e-01  4.40000000e-01 
 4.41000000e-01  1.15322133e-01  4.41000000e-01  4.41000000e-01 
 4.42000000e-01  1.14089102e-01  4.42000000e-01  4.42000000e-01 
 4.43000000e-01  1.12868258e-01  4.43000000e-01  4.43000000e-01 
 4.44000000e-01  1.11659373e-01  4.44000000e-01  4.44000000e-01 
 4.45000000e-01  1.10462224e-01  4.45000000e-01  4.45000000e-01 
 4.46000000e-01  1.09276598e-01  4.46000000e-01  4.46000000e-01 
 4.47000000e-01  1.08102288e-01  4.47000000e-01  4.47000000e-01 
 4.48000000e-01  1.06939097e-01  4.48000000e-01  4.48000000e-01 
 4.49000000e-01  1.05786833e-01  4.49000000e-01  4.49000000e-01 
 4.50000000e-01  1.04645310e-01  4.50000000e-01  4.50000000e-01 
 4.51000000e-01  1.03514350e-01  4.51000000e-01  4.51000000e-01 
 4.52000000e-01  1.02393781e-01  4.52000000e-01  4.52000000e-01 
 4.53000000e-01  1.01283437e-01  4.53000000e-01  4.53000000e-01 
 4.54000000e-01  1.00183156e-01  4.54000000e-01  4.54000000e-01 
 4.55000000e-01  9.90927843e-02  4.55000000e-01  4.55000000e-01 
 4.56000000e-01  9.80121706e-02  4.56000000e-01  4.56000000e-01 
 4.57000000e-01  9.69411702e-02  4.57000000e-01  4.57000000e-01 
 4.58000000e-01  9.58796431e-02  4.58000000e-01  4.58000000e-01 
 4.59000000e-01  9.48274537e-02  4.59000000e-01  4.59000000e-01 
 4.60000000e-01  9.37844709e-02  4.60000000e-01  4.60000000e-01 
 4.61000000e-01  9.27505678e-02  4.61000000e-01  4.61000000e-01 
 4.62000000e-01  9.17256218e-02  4.62000000e-01  4.62000000e-01 
 4.63000000e-01  9.07095141e-02  4.63000000e-01  4.63000000e-01 
 4.64000000e-01  8.97021297e-02  4.64000000e-01  4.64000000e-01 
 4.65000000e-01  8.87033574e-02  4.65000000e-01  4.65000000e-01 
 4.66000000e-01  8.77130893e-02  4.66000000e-01  4.66000000e-01 
 4.67000000e-01  8.67312210e-02  4.67000000e-01  4.67000000e-01 
 4.68000000e-01  8.57576515e-02  4.68000000e-01  4.68000000e-01 
 4.69000000e-01  8.47922826e-02  4.69000000e-01  4.69000000e-01 
 4.70000000e-01  8.38350194e-02  4.70000000e-01  4.70000000e-01 
 4.71000000e-01  8.28857697e-02  4.71000000e-01  4.71000000e-01 
 4.72000000e-01  8.19444444e-02  4.72000000e-01  4.72000000e-01 
 4.73000000e-01  8.10109568e-02  4.73000000e-01  4.73000000e-01 
 4.74000000e-01  8.00852229e-02  4.74000000e-01  4.74000000e-01 
 4.75000000e-01  7.91671613e-02  4.75000000e-01  4.75000000e-01 
 4.76000000e-01  7.82566929e-02  4.76000000e-01  4.76000000e-01 
 4.77000000e-01  7.73537411e-02  4.77000000e-01  4.77000000e-01 
 4.78000000e-01  7.64582314e-02  4.78000000e-01  4.78000000e-01 
 4.79000000e-01  7.55700914e-02  4.79000000e-01  4.79000000e-01 
 4.80000000e-01  7.46892512e-02  4.80000000e-01  4.80000000e-01 
 4.81000000e-01  7.38156425e-02  4.81000000e-01  4.81000000e-01 
 4.82000000e-01  7.29491992e-02  4.82000000e-01  4.82000000e-01 
 4.83000000e-01  7.20898570e-02  4.83000000e-01  4.83000000e-01 
 4.84000000e-01  7.12375535e-02  4.84000000e-01  4.84000000e-01 
 4.85000000e-01  7.03922280e-02  4.85000000e-01  4.85000000e-01 
 4.86000000e-01  6.95538216e-02  4.86000000e-01  4.86000000e-01 
 4.87000000e-01  6.87222770e-02  4.87000000e-01  4.87000000e-01 
 4.88000000e-01  6.78975386e-02  4.88000000e-01  4.88000000e-01 
 4.89000000e-01  6.70795523e-02  4.89000000e-01  4.89000000e-01 
 4.90000000e-01  6.62682653e-02  4.90000000e-01  4.90000000e-01 
 4.91000000e-01  6.54636266e-02  4.91000000e-01  4.91000000e-01 
 4.92000000e-01  6.46655864e-02  4.92000000e-01  4.92000000e-01 
 4.93000000e-01  6.38740964e-02  4.93000000e-01  4.93000000e-01 
 4.94000000e-01  6.30891094e-02  4.94000000e-01  4.94000000e-01 
 4.95000000e-01  6.23105797e-02  4.95000000e-01  4.95000000e-01 
 4.96000000e-01  6.15384628e-02  4.96000000e-01  4.96000000e-01 
 4.97000000e-01  6.07727152e-02  4.97000000e-01  4.97000000e-01 
 4.98000000e-01  6.00132949e-02  4.98000000e-01  4.98000000e-01 
 4.99000000e-01  5.92601608e-02  4.99000000e-01  4.99000000e-01 
 5.00000000e-01  5.85132728e-02  5.00000000e-01  5.00000000e-01 
 5.01000000e-01  5.77725922e-02  5.01000000e-01  5.01000000e-01 
 5.02000000e-01  5.70380810e-02  5.02000000e-01  5.02000000e-01 
 5.03000000e-01  5.63097023e-02  5.03000000e-01  5.03000000e-01 
 5.04000000e-01  5.55874203e-02  5.04000000e-01  5.04000000e-01 
 5.05000000e-01  5.48712000e-02  5.05000000e-01  5.05000000e-01 
 5.06000000e-01  5.41610071e-02  5.06000000e-01  5.06000000e-01 
 5.07000000e-01  5.34568087e-02  5.07000000e-01  5.07000000e-01 
 5.08000000e-01  5.27585722e-02  5.08000000e-01  5.08000000e-01 
 5.09000000e-01  5.20662661e-02  5.09000000e-01  5.09000000e-01 
 5.10000000e-01  5.13798597e-02  5.10000000e-01  5.10000000e-01 
 5.11000000e-01  5.06993229e-02  5.11000000e-01  5.11000000e-01 
 5.12000000e-01  5.00246266e-02  5.12000000e-01  5.12000000e-01 
 5.13000000e-01  4.93557423e-02  5.13000000e-01  5.13000000e-01 
 5.14000000e-01  4.86926420e-02  5.14000000e-01  5.14000000e-01 
 5.15000000e-01  4.80352986e-02  5.15000000e-01  5.15000000e-01 
 5.16000000e-01  4.73836856e-02  5.16000000e-01  5.16000000e-01 
 5.17000000e-01  4.67377771e-02  5.17000000e-01  5.17000000e-01 
 5.18000000e-01  4.60975478e-02  5.18000000e-01  5.18000000e-01 
 5.19000000e-01  4.54629731e-02  5.19000000e-01  5.19000000e-01 
 5.20000000e-01  4.48340287e-02  5.20000000e-01  5.20000000e-01 
 5.21000000e-01  4.42106911e-02  5.21000000e-01  5.21000000e-01 
 5.22000000e-01  4.35929372e-02  5.22000000e-01  5.22000000e-01 
 5.23000000e-01  4.29807444e-02  5.23000000e-01  5.23000000e-01 
 5.24000000e-01  4.23740905e-02  5.24000000e-01  5.24000000e-01 
 5.25000000e-01  4.17729541e-02  5.25000000e-01  5.25000000e-01 
 5.26000000e-01  4.11773137e-02  5.26000000e-01  5.26000000e-01 
 5.27000000e-01  4.05871488e-02  5.27000000e-01  5.27000000e-01 
 5.28000000e-01  4.00024388e-02  5.28000000e-01  5.28000000e-01 
 5.29000000e-01  3.94231638e-02  5.29000000e-01  5.29000000e-01 
 5.30000000e-01  3.88493041e-02  5.30000000e-01  5.30000000e-01 
 5.31000000e-01  3.82808405e-02  5.31000000e-01  5.31000000e-01 
 5.32000000e-01  3.77177541e-02  5.32000000e-01  5.32000000e-01 
 5.33000000e-01  3.71600261e-02  5.33000000e-01  5.33000000e-01 
 5.34000000e-01  3.66076383e-02  5.34000000e-01  5.34000000e-01 
 5.35000000e-01  3.60605727e-02  5.35000000e-01  5.35000000e-01 
 5.36000000e-01  3.55188113e-02  5.36000000e-01  5.36000000e-01 
 5.37000000e-01  3.49823366e-02  5.37000000e-01  5.37000000e-01 
 5.38000000e-01  3.44511314e-02  5.38000000e-01  5.38000000e-01 
 5.39000000e-01  3.39251785e-02  5.39000000e-01  5.39000000e-01 
 5.40000000e-01  3.34044609e-02  5.40000000e-01  5.40000000e-01 
 5.41000000e-01  3.28889621e-02  5.41000000e-01  5.41000000e-01 
 5.42000000e-01  3.23786653e-02  5.42000000e-01  5.42000000e-01 
 5.43000000e-01  3.18735541e-02  5.43000000e-01  5.43000000e-01 
 5.44000000e-01  3.13736123e-02  5.44000000e-01  5.44000000e-01 
 5.45000000e-01  3.08788236e-02  5.45000000e-01  5.45000000e-01 
 5.46000000e-01  3.03891721e-02  5.46000000e-01  5.46000000e-01 
 5.47000000e-01  2.99046416e-02  5.47000000e-01  5.47000000e-01 
 5.48000000e-01  2.94252162e-02  5.48000000e-01  5.48000000e-01 
 5.49000000e-01  2.89508801e-02  5.49000000e-01  5.49000000e-01 
 5.50000000e-01  2.84816175e-02  5.50000000e-01  5.50000000e-01 
 5.51000000e-01  2.80174124e-02  5.51000000e-01  5.51000000e-01 
 5.52000000e-01  2.75582492e-02  5.52000000e-01  5.52000000e-01 
 5.53000000e-01  2.71041120e-02  5.53000000e-01  5.53000000e-01 
 5.54000000e-01  2.66549849e-02  5.54000000e-01  5.54000000e-01 
 5.55000000e-01  2.62108521e-02  5.55000000e-01  5.55000000e-01 
 5.56000000e-01  2.57716976e-02  5.56000000e-01  5.56000000e-01 
 5.57000000e-01  2.53375055e-02  5.57000000e-01  5.57000000e-01 
 5.58000000e-01  2.49082598e-02  5.58000000e-01  5.58000000e-01 
 5.59000000e-01  2.44839441e-02  5.59000000e-01  5.59000000e-01 
 5.60000000e-01  2.40645424e-02  5.60000000e-01  5.60000000e-01 
 5.61000000e-01  2.36500382e-02  5.61000000e-01  5.61000000e-01 
 5.62000000e-01  2.32404149e-02  5.62000000e-01  5.62000000e-01 
 5.63000000e-01  2.28356560e-02  5.63000000e-01  5.63000000e-01 
 5.64000000e-01  2.24357445e-02  5.64000000e-01  5.64000000e-01 
 5.65000000e-01  2.20406636e-02  5.65000000e-01  5.65000000e-01 
 5.66000000e-01  2.16503959e-02  5.66000000e-01  5.66000000e-01 
 5.67000000e-01  2.12649242e-02  5.67000000e-01  5.67000000e-01 
 5.68000000e-01  2.08842307e-02  5.68000000e-01  5.68000000e-01 
 5.69000000e-01  2.05082977e-02  5.69000000e-01  5.69000000e-01 
 5.70000000e-01  2.01371072e-02  5.70000000e-01  5.70000000e-01 
 5.71000000e-01  1.97706407e-02  5.71000000e-01  5.71000000e-01 
 5.72000000e-01  1.94088798e-02  5.72000000e-01  5.72000000e-01 
 5.73000000e-01  1.90518055e-02  5.73000000e-01  5.73000000e-01 
 5.74000000e-01  1.86993988e-02  5.74000000e-01  5.74000000e-01 
 5.75000000e-01  1.83516401e-02  5.75000000e-01  5.75000000e-01 
 5.76000000e-01  1.80085099e-02  5.76000000e-01  5.76000000e-01 
 5.77000000e-01  1.76699879e-02  5.77000000e-01  5.77000000e-01 
 5.78000000e-01  1.73360538e-02  5.78000000e-01  5.78000000e-01 
 5.79000000e-01  1.70066870e-02  5.79000000e-01  5.79000000e-01 
 5.80000000e-01  1.66818662e-02  5.80000000e-01  5.80000000e-01 
 5.81000000e-01  1.63615702e-02  5.81000000e-01  5.81000000e-01 
 5.82000000e-01  1.60457770e-02  5.82000000e-01  5.82000000e-01 
 5.83000000e-01  1.57344646e-02  5.83000000e-01  5.83000000e-01 
 5.84000000e-01  1.54276103e-02  5.84000000e-01  5.84000000e-01 
 5.85000000e-01  1.51251912e-02  5.85000000e-01  5.85000000e-01 
 5.86000000e-01  1.48271839e-02  5.86000000e-01  5.86000000e-01 
 5.87000000e-01  1.45335647e-02  5.87000000e-01  5.87000000e-01 
 5.88000000e-01  1.42443095e-02  5.88000000e-01  5.88000000e-01 
 5.89000000e-01  1.39593935e-02  5.89000000e-01  5.89000000e-01 
 5.90000000e-01  1.36787918e-02  5.90000000e-01  5.90000000e-01 
 5.91000000e-01  1.34024789e-02  5.91000000e-01  5.91000000e-01 
 5.92000000e-01  1.31304289e-02  5.92000000e-01  5.92000000e-01 
 5.93000000e-01  1.28626155e-02  5.93000000e-01  5.93000000e-01 
 5.94000000e-01  1.25990118e-02  5.94000000e-01  5.94000000e-01 
 5.95000000e-01  1.23395906e-02  5.95000000e-01  5.95000000e-01 
 5.96000000e-01  1.20843242e-02  5.96000000e-01  5.96000000e-01 
 5.97000000e-01  1.18331844e-02  5.97000000e-01  5.97000000e-01 
 5.98000000e-01  1.15861426e-02  5.98000000e-01  5.98000000e-01 
 5.99000000e-01  1.13431697e-02  5.99000000e-01  5.99000000e-01 
 6.00000000e-01  1.11042362e-02  6.00000000e-01  6.00000000e-01 
 6.01000000e-01  1.08693119e-02  6.01000000e-01  6.01000000e-01 
 6.02000000e-01  1.06383664e-02  6.02000000e-01  6.02000000e-01 
 6.03000000e-01  1.04113687e-02  6.03000000e-01  6.03000000e-01 
 6.04000000e-01  1.01882873e-02  6.04000000e-01  6.04000000e-01 
 6.05000000e-01  9.96909043e-03  6.05000000e-01  6.05000000e-01 
 6.06000000e-01  9.75374562e-03  6.06000000e-01  6.06000000e-01 
 6.07000000e-01  9.54222008e-03  6.07000000e-01  6.07000000e-01 
 6.08000000e-01  9.33448049e-03  6.08000000e-01  6.08000000e-01 
 6.09000000e-01  9.13049312e-03  6.09000000e-01  6.09000000e-01 
 6.10000000e-01  8.93022376e-03  6.10000000e-01  6.10000000e-01 
 6.11000000e-01  8.73363779e-03  6.11000000e-01  6.11000000e-01 
 6.12000000e-01  8.54070011e-03  6.12000000e-01  6.12000000e-01 
 6.13000000e-01  8.35137524e-03  6.13000000e-01  6.13000000e-01 
 6.14000000e-01  8.16562722e-03  6.14000000e-01  6.14000000e-01 
 6.15000000e-01  7.98341972e-03  6.15000000e-01  6.15000000e-01 
 6.16000000e-01  7.80471599e-03  6.16000000e-01  6.16000000e-01 
 6.17000000e-01  7.62947887e-03  6.17000000e-01  6.17000000e-01 
 6.18000000e-01  7.45767084e-03  6.18000000e-01  6.18000000e-01 
 6.19000000e-01  7.28925399e-03  6.19000000e-01  6.19000000e-01 
 6.20000000e-01  7.12419005e-03  6.20000000e-01  6.20000000e-01 
 6.21000000e-01  6.96244040e-03  6.21000000e-01  6.21000000e-01 
 6.22000000e-01  6.80396608e-03  6.22000000e-01  6.22000000e-01 
 6.23000000e-01  6.64872783e-03  6.23000000e-01  6.23000000e-01 
 6.24000000e-01  6.49668605e-03  6.24000000e-01  6.24000000e-01 
 6.25000000e-01  6.34780087e-03  6.25000000e-01  6.25000000e-01 
 6.26000000e-01  6.20203214e-03  6.26000000e-01  6.26000000e-01 
 6.27000000e-01  6.05933945e-03  6.27000000e-01  6.27000000e-01 
 6.28000000e-01  5.91968215e-03  6.28000000e-01  6.28000000e-01 
 6.29000000e-01  5.78301935e-03  6.29000000e-01  6.29000000e-01 
 6.30000000e-01  5.64930997e-03  6.30000000e-01  6.30000000e-01 
 6.31000000e-01  5.51851274e-03  6.31000000e-01  6.31000000e-01 
 6.32000000e-01  5.39058621e-03  6.32000000e-01  6.32000000e-01 
 6.33000000e-01  5.26548881e-03  6.33000000e-01  6.33000000e-01 
 6.34000000e-01  5.14317880e-03  6.34000000e-01  6.34000000e-01 
 6.35000000e-01  5.02361437e-03  6.35000000e-01  6.35000000e-01 
 6.36000000e-01  4.90675360e-03  6.36000000e-01  6.36000000e-01 
 6.37000000e-01  4.79255451e-03  6.37000000e-01  6.37000000e-01 
 6.38000000e-01  4.68097507e-03  6.38000000e-01  6.38000000e-01 
 6.39000000e-01  4.57197325e-03  6.39000000e-01  6.39000000e-01 
 6.40000000e-01  4.46550698e-03  6.40000000e-01  6.40000000e-01 
 6.41000000e-01  4.36153424e-03  6.41000000e-01  6.41000000e-01 
 6.42000000e-01  4.26001304e-03  6.42000000e-01  6.42000000e-01 
 6.43000000e-01  4.16090146e-03  6.43000000e-01  6.43000000e-01 
 6.44000000e-01  4.06415766e-03  6.44000000e-01  6.44000000e-01 
 6.45000000e-01  3.96973991e-03  6.45000000e-01  6.45000000e-01 
 6.46000000e-01  3.87760662e-03  6.46000000e-01  6.46000000e-01 
 6.47000000e-01  3.78771634e-03  6.47000000e-01  6.47000000e-01 
 6.48000000e-01  3.70002779e-03  6.48000000e-01  6.48000000e-01 
 6.49000000e-01  3.61449989e-03  6.49000000e-01  6.49000000e-01 
 6.50000000e-01  3.53109178e-03  6.50000000e-01  6.50000000e-01 
 6.51000000e-01  3.44976283e-03  6.51000000e-01  6.51000000e-01 
 6.52000000e-01  3.37047267e-03  6.52000000e-01  6.52000000e-01 
 6.53000000e-01  3.29318118e-03  6.53000000e-01  6.53000000e-01 
 6.54000000e-01  3.21784858e-03  6.54000000e-01  6.54000000e-01 
 6.55000000e-01  3.14443536e-03  6.55000000e-01  6.55000000e-01 
 6.56000000e-01  3.07290237e-03  6.56000000e-01  6.56000000e-01 
 6.57000000e-01  3.00321079e-03  6.57000000e-01  6.57000000e-01 
 6.58000000e-01  2.93532218e-03  6.58000000e-01  6.58000000e-01 
 6.59000000e-01  2.86919846e-03  6.59000000e-01  6.59000000e-01 
 6.60000000e-01  2.80480198e-03  6.60000000e-01  6.60000000e-01 
 6.61000000e-01  2.74209546e-03  6.61000000e-01  6.61000000e-01 
 6.62000000e-01  2.68104207e-03  6.62000000e-01  6.62000000e-01 
 6.63000000e-01  2.62160543e-03  6.63000000e-01  6.63000000e-01 
 6.64000000e-01  2.56374959e-03  6.64000000e-01  6.64000000e-01 
 6.65000000e-01  2.50743906e-03  6.65000000e-01  6.65000000e-01 
 6.66000000e-01  2.45263883e-03  6.66000000e-01  6.66000000e-01 
 6.67000000e-01  2.39931439e-03  6.67000000e-01  6.67000000e-01 
 6.68000000e-01  2.34743170e-03  6.68000000e-01  6.68000000e-01 
 6.69000000e-01  2.29695722e-03  6.69000000e-01  6.69000000e-01 
 6.70000000e-01  2.24785793e-03  6.70000000e-01  6.70000000e-01 
 6.71000000e-01  2.20010132e-03  6.71000000e-01  6.71000000e-01 
 6.72000000e-01  2.15365540e-03  6.72000000e-01  6.72000000e-01 
 6.73000000e-01  2.10848871e-03  6.73000000e-01  6.73000000e-01 
 6.74000000e-01  2.06457030e-03  6.74000000e-01  6.74000000e-01 
 6.75000000e-01  2.02186978e-03  6.75000000e-01  6.75000000e-01 
 6.76000000e-01  1.98035729e-03  6.76000000e-01  6.76000000e-01 
 6.77000000e-01  1.94000348e-03  6.77000000e-01  6.77000000e-01 
 6.78000000e-01  1.90077957e-03  6.78000000e-01  6.78000000e-01 
 6.79000000e-01  1.86265731e-03  6.79000000e-01  6.79000000e-01 
 6.80000000e-01  1.82560898e-03  6.80000000e-01  6.80000000e-01 
 6.81000000e-01  1.78960741e-03  6.81000000e-01  6.81000000e-01 
 6.82000000e-01  1.75462596e-03  6.82000000e-01  6.82000000e-01 
 6.83000000e-01  1.72063852e-03  6.83000000e-01  6.83000000e-01 
 6.84000000e-01  1.68761951e-03  6.84000000e-01  6.84000000e-01 
 6.85000000e-01  1.65554391e-03  6.85000000e-01  6.85000000e-01 
 6.86000000e-01  1.62438718e-03  6.86000000e-01  6.86000000e-01 
 6.87000000e-01  1.59412533e-03  6.87000000e-01  6.87000000e-01 
 6.88000000e-01  1.56473486e-03  6.88000000e-01  6.88000000e-01 
 6.89000000e-01  1.53619282e-03  6.89000000e-01  6.89000000e-01 
 6.90000000e-01  1.50847674e-03  6.90000000e-01  6.90000000e-01 
 6.91000000e-01  1.48156464e-03  6.91000000e-01  6.91000000e-01 
 6.92000000e-01  1.45543506e-03  6.92000000e-01  6.92000000e-01 
 6.93000000e-01  1.43006701e-03  6.93000000e-01  6.93000000e-01 
 6.94000000e-01  1.40543998e-03  6.94000000e-01  6.94000000e-01 
 6.95000000e-01  1.38153396e-03  6.95000000e-01  6.95000000e-01 
 6.96000000e-01  1.35832937e-03  6.96000000e-01  6.96000000e-01 
 6.97000000e-01  1.33580712e-03  6.97000000e-01  6.97000000e-01 
 6.98000000e-01  1.31394856e-03  6.98000000e-01  6.98000000e-01 
 6.99000000e-01  1.29273548e-03  6.99000000e-01  6.99000000e-01 
 7.00000000e-01  1.27215012e-03  7.00000000e-01  7.00000000e-01 
